date,1 (low bm),2,3,4,5,6,7,8,9,10 (high bm)
19810131,0.139234,0.650472,-0.092205,0.07748,0.184614,0.109062,0.08652,0.090228,0.11651,0.080853
19810228,0.073275,0.678069,-0.02916,-0.018659,0.179106,0.008072,0.083059,0.043115,0.852232,0.07917
19810331,-0.025674,0.10105,-0.03676,-0.004172,0.08011,0.243924,0.069014,0.037061,0.048169,-0.013592
19810430,-0.105317,0.512415,-0.004795,0.054601,0.265184,0.238946,0.135146,0.11814,0.267197,0.135054
19810531,-0.235522,-0.008432,-0.127956,-0.02519,-0.131175,-0.11019,-0.085711,-0.093141,-0.150003,-0.095992
19810630,-0.00555,0.280388,0.048189,-0.041826,0.031317,-0.021125,0.003449,-0.00754,-0.198473,0.025475
19810731,0.22138,0.03502,0.184356,0.190818,0.302163,0.078996,0.237548,0.176627,0.206273,0.151562
19810831,-0.033764,-0.089845,0.011368,-0.013079,0.01893,0.184413,0.030756,0.04738,-0.021314,0.018209
19810930,-0.126534,-0.056606,-0.11745,-0.056732,-0.123933,-0.049247,-0.018206,-0.022571,-0.092773,-0.02876
19811031,0.096243,0.027836,0.095919,0.231921,-0.173141,0.105314,0.043084,0.094398,0.074796,0.077406
19811130,-0.047512,0.208896,0.014639,-0.001382,0.000872,0.00409,0.096784,0.066696,0.037869,0.038779
19811231,-0.104862,0.086308,-0.08515,-0.100788,-0.153484,-0.12321,-0.033147,-0.061798,-0.029581,-0.018642
19820131,0.083599,0.113339,-0.049981,-0.01109,0.087238,0.057208,0.195373,-0.009336,0.05816,0.09096
19820228,-0.101538,-0.047569,-0.177525,-0.116628,-0.109922,-0.055215,-0.058403,-0.064763,-0.067753,-0.026423
19820331,-0.056349,-0.085377,-0.0431,-0.143093,0.005177,-0.011745,0.003715,0.027222,0.00644,-0.054739
19820430,0.057212,-0.019114,0.018117,0.097811,0.032615,0.063401,0.045008,0.043397,0.030263,0.087602
19820531,0.030739,0.048668,0.053235,0.05229,0.040442,0.083189,0.225601,0.058101,0.023099,0.007728
19820630,-0.097007,-0.043358,-0.097023,-0.090184,-0.091379,-0.067142,-0.020322,-0.112239,-0.085599,-0.02488
19820731,0.007525,-0.056024,0.019431,0.004834,-0.026438,0.000214,0.045643,0.036138,-0.007059,-0.062695
19820831,0.003736,-0.088704,-0.067217,0.07506,-0.012146,0.044634,-0.01666,-0.096145,0.02542,0.021266
19820930,0.076694,-0.167575,-0.050322,-0.057948,-0.006024,-0.036061,-0.023322,-0.061845,-0.069509,-0.033378
19821031,-0.020478,0.077626,0.02865,0.085918,-0.011448,-0.029253,0.059165,-0.011668,-0.064662,-0.04776
19821130,0.087215,-0.198607,-0.010723,-0.103287,-0.015698,-0.062821,-0.042179,-0.025216,-0.056637,0.118997
19821231,0.161741,-0.1029,-0.082878,0.003911,0.014956,-0.022389,0.020978,0.085913,0.041824,0.040866
19830131,0.666276,0.067962,0.167273,0.076132,0.273056,0.179459,0.015208,0.361655,0.383348,0.169455
19830228,0.174255,0.129439,0.310728,0.013213,0.118674,0.152964,0.058159,0.090207,0.107174,0.166488
19830331,-0.054623,0.161264,0.274472,0.11439,0.052156,0.112977,0.060076,0.064259,0.19371,0.109392
19830430,0.205704,0.077788,-0.020054,0.262961,0.100317,0.134056,0.27489,0.4607,0.180682,0.10655
19830531,0.023344,0.012676,-0.081365,-0.026511,-0.060994,-0.039511,0.021204,-0.084247,0.013349,0.057558
19830630,-0.035783,-0.107348,-0.037012,0.002824,-0.050962,-0.012536,0.102465,0.074407,0.039425,0.0128
19830731,0.082,0.128005,0.183241,0.18688,-0.030386,0.052844,0.165948,0.118096,0.079042,0.145899
19830831,-0.018987,-0.001722,-0.040247,-0.002752,0.056001,0.012671,0.061384,0.067305,-0.029079,0.035066
19830930,-0.066344,0.02979,0.063147,0.046595,0.098939,0.055776,0.002242,0.082584,0.096015,0.021248
19831031,-0.067257,0.043566,-0.015632,0.045267,0.11194,0.01325,-0.068067,-0.001039,0.022056,0.009033
19831130,0.116487,-0.007923,-0.053292,-0.068117,-0.051395,-0.027835,-1e-05,-0.073068,-0.011652,0.020307
19831231,0.083146,0.108331,0.169374,0.08491,0.032867,0.121241,0.019331,0.070729,0.201628,0.128631
19840131,0.046804,0.189527,0.291156,0.166583,0.073977,0.149686,0.146485,0.313655,0.202894,0.215388
19840229,-0.045757,0.134383,0.015504,-0.023212,-0.01923,0.004282,0.007058,0.010888,0.058108,0.040391
19840331,0.045459,0.09121,0.147958,0.14807,0.087833,0.012149,0.144176,0.105024,0.154163,0.156652
19840430,0.104722,0.067834,0.056827,0.072592,0.14826,0.128648,0.058372,0.03665,-0.006718,0.09804
19840531,-0.037881,-0.036508,-0.076421,-0.002995,-0.023766,-0.007472,-0.009166,-0.006711,0.008468,0.031791
19840630,-0.109802,-0.016797,-0.20938,-0.110999,-0.169579,-0.142189,-0.185536,-0.118915,-0.132857,-0.180799
19840731,0.094919,-0.02699,0.08761,0.004154,0.105435,-0.011635,0.055295,0.077381,0.066693,0.06115
19840831,0.088834,0.077585,0.054277,0.036525,0.050118,0.139734,0.037895,0.061443,0.049338,0.013344
19840930,0.028329,-0.074089,0.009015,-0.040035,-0.048997,-0.01814,-0.046246,-0.052307,-0.081032,-0.053698
19841031,0.013317,0.051995,0.034529,0.010537,0.054612,0.034591,0.114115,0.064361,0.048502,0.136079
19841130,0.083411,0.030666,0.007461,-0.024769,0.085533,-0.118055,0.045355,-0.023627,0.013695,0.020294
19841231,0.04112,-0.024658,0.144456,0.09373,0.095275,-0.036667,0.053281,0.131652,0.12032,0.157503
19850131,0.16452,0.194278,0.11518,0.202851,0.173085,0.174744,0.311566,0.173524,0.099801,0.147332
19850228,0.046868,-0.029714,-0.028639,-0.042582,-0.031607,-0.069069,-0.078689,-0.038187,-0.006265,-0.028106
19850331,-0.016859,-0.076561,-0.087698,-0.03578,-0.0197,-0.067857,-0.04667,-0.013214,-0.018048,-0.005845
19850430,0.030835,0.055472,0.05446,0.029107,0.08981,0.025763,0.066277,0.0197,0.128629,0.066414
19850531,0.005268,0.077461,0.049468,-0.012582,-0.022249,0.212084,0.059345,0.023049,-0.04487,0.059491
19850630,-0.077508,-0.026649,-0.044017,-0.009858,-0.052368,-0.028216,-0.064806,-0.046846,-0.080095,-0.066647
19850731,0.093151,0.026183,0.018316,0.049192,0.059683,0.038113,0.090137,0.022198,0.091773,0.041723
19850831,0.058731,0.047322,0.024671,-0.008776,0.077989,-0.022058,0.023827,0.076519,-0.005881,-0.038212
19850930,0.024704,0.032529,0.044226,0.055947,0.036802,0.035748,0.041011,0.025577,0.064681,0.033708
19851031,0.244014,0.107369,0.030014,0.021114,0.115164,-0.025976,0.054507,0.020929,0.276004,0.027908
19851130,0.083949,0.046736,0.026624,0.046189,0.127264,0.058275,0.002128,0.042883,0.003099,0.037435
19851231,0.049204,-0.056197,-0.018161,0.080442,-0.019996,-0.03421,0.005419,-0.066233,-0.017533,-0.055008
19860131,-0.025964,-0.006338,-0.025129,-0.075659,-0.055491,-0.052013,-0.077763,-0.023838,-0.040253,-0.10505
19860228,0.061998,-0.070746,-0.070393,0.014211,-0.034369,-0.067748,0.015197,-0.042359,-0.070687,-0.012144
19860331,0.044504,0.020312,-0.038311,0.029154,0.008909,-0.060635,-0.033282,-0.086845,-0.053972,-0.028506
19860430,-0.112106,-0.064136,-0.032804,-0.103995,-0.020923,-0.026537,-0.056921,-0.031848,-0.081895,-0.009049
19860531,0.004471,-0.038237,-0.043512,-0.038871,0.226297,0.039327,0.014448,0.006033,-0.018162,-0.011146
19860630,0.051976,0.134383,0.042874,0.100448,0.062824,0.107105,0.076697,0.090873,0.050782,0.097824
19860731,-0.111957,0.025174,0.005638,0.042542,-0.190513,0.040035,-0.020702,-0.034366,0.026299,-0.090636
19860831,0.119604,0.044062,0.026548,-0.028826,0.170549,0.069792,0.090187,0.009126,0.051829,0.107857
19860930,-0.025438,0.045458,0.042936,0.220702,-0.055404,0.002715,0.073067,0.05106,0.038118,-0.007463
19861031,0.034114,0.01008,0.001153,0.04863,0.017572,-0.016353,0.095562,0.018847,0.060748,-0.020981
19861130,-0.021316,0.064098,0.01519,0.049917,0.016154,0.068199,0.026419,0.064089,-0.033307,-0.003574
19861231,-0.056257,-0.036939,-0.051869,-0.112224,-0.034235,-0.064082,-0.05223,-0.064352,-0.050374,-0.069551
19870131,0.034989,0.085413,-0.015826,-0.013688,0.012716,0.031682,0.025495,0.078177,0.052547,0.02245
19870228,0.044647,0.026613,0.018556,0.087385,0.04514,0.022285,-0.016419,0.021112,0.040391,-0.019234
19870331,0.054127,0.079884,0.051604,0.084565,0.047451,0.070632,0.00263,0.102232,0.050346,-0.015487
19870430,0.046967,-0.004529,0.010369,0.09636,0.031379,0.051612,0.042511,0.05035,0.029428,0.245873
19870531,0.091966,-0.037388,0.005927,0.079379,-0.046269,0.023549,0.040112,0.000656,0.062333,0.108462
19870630,0.025166,0.034104,0.118801,0.048018,-0.009733,0.022858,0.056017,-0.008011,0.066015,0.079559
19870731,0.167696,0.126174,0.055479,0.127024,0.040606,0.060529,0.178022,0.083748,0.122782,0.160614
19870831,0.129388,0.046682,0.013554,0.080371,0.145556,0.138483,0.12021,0.193518,0.070692,0.037069
19870930,0.054818,-0.029304,0.244318,-0.012022,0.111994,0.132379,0.104017,0.079107,0.090158,0.154407
19871031,-0.260085,-0.33127,-0.332534,-0.269478,-0.245992,-0.25678,-0.141776,-0.206245,-0.235464,-0.130291
19871130,-0.074985,-0.125037,-0.207106,-0.243501,-0.043681,-0.140127,-0.227089,-0.1469,-0.191066,-0.246688
19871231,0.127035,-0.048887,0.065748,0.014705,-0.061385,-0.033769,-0.076904,-0.055103,-0.039197,-0.002663
19880131,-0.068475,0.107509,0.089669,0.047289,0.049554,0.094,-0.187475,0.159107,0.215544,0.327796
19880229,0.004543,-0.071719,0.103519,0.084615,0.079751,0.042501,0.056647,0.067776,0.01984,0.116985
19880331,0.027817,-0.007355,0.106361,0.05066,0.069225,0.050765,0.298816,-0.041362,0.058914,0.188126
19880430,0.015031,0.014234,0.060628,-0.029224,-0.019307,-0.048935,-0.045206,-0.012784,0.004102,-0.032135
19880531,-0.081473,-0.070003,-0.045006,-0.05106,-0.042381,-0.065214,-0.088175,-0.127001,-0.069131,0.012975
19880630,0.029202,0.022039,0.130685,0.054535,0.134273,-0.044576,-0.011247,0.018024,-0.031005,0.0903
19880731,-0.030989,0.003412,0.017386,0.020056,0.02655,-0.01398,-0.015428,0.052005,0.040789,0.099711
19880831,-0.024848,-0.053567,-0.072973,-0.072531,-0.08199,-0.04032,-0.073051,0.054994,-0.110408,-0.034842
19880930,0.002013,0.000973,0.035104,0.073916,0.081652,0.019635,-0.011863,0.019779,0.069571,0.040433
19881031,0.024871,1.4e-05,-0.04279,0.023592,0.039225,0.073516,-0.006879,0.079153,0.044257,0.163957
19881130,-0.029344,0.008196,0.041765,-0.008114,0.068792,0.021821,-0.006382,0.114373,0.177951,0.013755
19881231,0.144265,0.039238,0.118488,0.089146,0.097774,0.524115,0.139401,0.113348,0.124709,0.074463
19890131,0.177472,0.142279,0.244565,0.206669,0.211977,0.25869,0.081966,0.237453,0.2678,0.283178
19890228,0.045788,0.022975,0.046618,0.043769,-0.07205,0.06742,0.115202,0.010134,-0.039194,0.120512
19890331,0.100717,0.046309,0.022898,0.124464,0.02509,0.112153,0.122299,0.307883,0.029116,0.102246
19890430,-0.005378,0.012385,0.046813,0.055146,0.095299,0.226587,0.043811,-0.033252,0.037016,0.06968
19890531,0.220063,0.064289,0.018315,-0.040822,-0.032538,0.043708,0.030477,0.007519,0.118988,-0.042416
19890630,-0.048488,0.025511,-0.000284,0.036405,-0.031503,-0.057672,-0.019806,-0.013824,0.012457,-0.047424
19890731,0.041572,0.05306,0.083018,-0.08822,-0.021786,0.05364,0.076828,0.14861,0.062371,0.031154
19890831,0.093096,0.115026,0.044993,0.062484,0.046683,0.035417,0.111019,0.14932,0.086431,0.078101
19890930,0.023705,0.035233,0.055337,-0.061015,0.002139,0.018603,0.069428,0.155256,0.223573,0.048126
19891031,-0.10365,-0.079883,-0.106579,-0.07531,-0.093813,-0.115725,-0.182916,-0.150501,-0.100989,-0.085534
19891130,0.009051,0.030113,0.037756,0.098351,0.064997,0.058296,0.004371,0.004197,0.026702,0.010897
19891231,0.02652,0.030245,0.10713,0.083684,0.121582,0.083962,0.22679,0.209039,0.211102,0.275793
19900131,0.174968,0.138852,0.093869,0.059778,0.166616,0.070991,0.025119,0.117398,0.11203,0.052416
19900228,-0.014561,0.176735,0.098988,0.094418,0.07768,0.07602,0.015284,0.074942,0.085452,0.101323
19900331,0.016832,0.072127,-0.013321,0.035485,0.068912,-0.023802,0.029011,-0.039717,0.079513,0.024161
19900430,-0.050025,-0.074619,-0.003542,-0.056283,-0.057204,-0.093973,-0.007691,-0.032803,-0.04681,-0.051604
19900531,0.05621,0.138118,0.090778,0.091151,0.102457,0.060526,0.072059,0.188978,0.144034,0.030761
19900630,-0.016827,-0.061519,-0.029723,-0.050746,-0.056569,-0.028373,-0.024332,0.00972,0.007643,0.00751
19900731,-0.017192,0.073583,-0.000846,0.094424,0.180566,0.085276,0.035838,0.056662,0.134362,0.158631
19900831,-0.043322,-0.131191,-0.090071,0.011008,0.073125,-0.114016,-0.132865,-0.09591,-0.108301,0.075249
19900930,-0.119806,-0.139184,-0.094428,-0.018441,-0.082546,-0.130565,-0.070121,-0.133621,-0.08234,-0.005583
19901031,-0.02109,-0.0741,0.00967,-0.081635,-0.027646,-0.024792,-0.074408,-0.124713,-0.157837,-0.121959
19901130,0.00548,0.005155,-0.026937,-0.033229,-0.096205,-0.030547,-0.021777,-0.036268,-0.105062,-0.049465
19901231,0.01992,-0.067512,-0.003557,-0.055407,-0.148484,-0.055772,0.001953,0.023384,-0.085483,-0.093891
19910131,0.001246,-0.091683,-0.105571,-0.010734,-0.082709,-0.095745,-0.009242,-0.039393,-0.049087,-0.048254
19910228,0.104628,0.080059,0.143148,0.003477,0.067828,0.041929,0.18519,0.257581,0.264229,0.196659
19910331,0.063845,0.015669,0.026714,-0.003121,0.054146,0.088771,0.091564,0.020186,0.056567,0.016781
19910430,0.016381,0.061325,-0.016103,-0.108029,-0.086373,0.033127,0.046016,-0.085792,-0.011386,-0.049965
19910531,0.108608,0.013715,0.114491,0.141668,0.05543,0.096277,0.012626,0.03766,-0.023889,0.032389
19910630,-0.016064,-0.009298,-0.058976,0.012815,-0.024518,0.009608,-0.074797,-0.001058,-0.076952,-0.001421
19910731,0.08373,-0.0313,0.017301,0.050012,0.057259,-0.001534,0.035568,0.003563,-0.042296,0.032709
19910831,0.043199,0.094622,0.034137,-0.011611,0.003863,0.001346,-0.045552,0.059091,0.020514,-0.034408
19910930,-0.011184,0.058045,-0.062459,-0.047217,-0.03973,-0.07209,-0.108003,-0.012209,-0.136112,-0.003151
19911031,0.03083,-0.031726,-0.07815,-0.00082,-0.06056,-0.031316,-0.10163,-0.017775,-0.17497,-0.009527
19911130,-0.022233,-0.124031,-0.191021,-0.16753,-0.101948,-0.041511,-0.219596,-0.240953,-0.218516,-0.124473
19911231,0.034548,0.149466,0.043568,0.108177,0.010074,0.115495,0.147693,0.080761,0.197073,0.007715
19920131,0.120853,0.059728,0.062725,0.083049,0.006938,0.011789,0.252396,0.036577,0.06819,0.196045
19920229,-0.063385,-0.018103,-0.064645,-0.02854,-0.110638,-0.090071,-0.040174,-0.067494,-0.100056,-0.07406
19920331,0.000332,0.031326,0.094557,-0.00487,0.10287,0.03872,0.104821,0.015476,-0.007092,0.090103
19920430,-0.026328,-0.002517,0.109776,0.030357,0.034343,0.004404,0.081498,-0.016484,-0.00933,0.170414
19920531,0.076696,0.018413,0.023495,-0.011036,0.007184,-0.01254,0.020621,0.070544,0.014452,0.012537
19920630,-0.123141,-0.069111,-0.122457,-0.044017,-0.057488,-0.069258,-0.089432,-0.248744,-0.099027,-0.051713
19920731,0.026683,0.041522,-0.061405,-0.064698,-0.09124,-0.03647,-0.138654,-0.201417,0.010327,-0.122765
19920831,-0.1021,-0.139274,-0.093438,-0.11081,-0.256823,-0.152229,-0.293509,-0.245149,-0.264419,-0.254371
19920930,-0.020875,0.32518,0.032248,0.04815,0.083394,-0.083252,0.077543,0.035922,-0.074423,-0.01648
19921031,0.03373,0.042654,-0.021718,0.089853,0.29623,0.059376,0.081397,0.092255,0.266334,0.051055
19921130,-0.003934,-0.053438,0.113169,0.02057,-0.015203,-0.028849,-0.000665,-0.128633,0.131921,0.006238
19921231,0.020498,0.20853,0.019297,0.047276,0.104331,0.040836,0.083284,0.018574,-0.054848,0.245356
19930131,0.040712,0.02938,0.055317,0.043555,-0.023803,0.042321,0.047157,0.094496,-0.019313,0.115412
19930228,-0.02355,0.015111,0.063818,0.127649,0.099148,0.045536,0.087565,0.055398,0.050049,0.254126
19930331,0.07166,0.075118,0.127431,0.079624,0.137588,0.105715,0.18881,0.194242,0.333184,0.079909
19930430,0.056251,0.040328,0.143748,-0.001094,0.063448,0.031169,0.109544,0.266696,0.165559,0.33286
19930531,-0.113173,0.020744,-0.032975,-0.003477,0.053452,0.030595,0.106938,0.085613,0.035515,0.141501
19930630,-0.015662,-0.00895,0.018313,0.024142,0.05062,0.050795,0.127717,0.201519,0.102955,0.031178
19930731,-0.039353,0.090749,0.157845,-0.004223,0.151869,0.229704,0.13534,0.080368,0.176467,0.22691
19930831,0.139436,0.044677,0.177905,0.076484,0.044967,0.219296,-0.018928,0.055576,0.090003,0.010534
19930930,0.030003,-0.031156,-0.085902,0.03343,-0.081668,-0.063606,-0.031736,-0.097959,-0.090886,-0.084029
19931031,0.024586,0.117005,0.127141,0.225487,0.110593,0.160598,0.06554,0.174038,0.25684,0.204272
19931130,-0.043339,-0.045007,-0.048368,-0.053275,-0.03482,-0.022313,-0.075318,-0.046948,-0.054647,-0.047616
19931231,0.091414,0.010836,0.015129,0.107149,0.122922,0.1748,0.098767,0.108103,0.129989,0.042218
19940131,0.108042,0.048013,0.039151,0.145576,0.104347,0.148231,0.093031,0.146517,0.201119,0.162655
19940228,0.044302,0.024243,-0.05805,0.039876,-0.026252,-0.014913,0.040975,0.02713,-0.041032,-0.053038
19940331,0.01091,-0.031857,-0.0089,-0.097016,-0.115995,-0.029082,0.015336,-0.028019,-0.073254,0.006053
19940430,0.051136,-0.023968,-0.060498,0.008302,0.000872,0.001247,0.016284,-0.008439,0.034383,0.023254
19940531,-0.069441,-0.048371,0.0492,-0.001694,0.052748,0.045404,0.013731,0.046048,0.025167,-0.004968
19940630,-0.01499,-0.027636,-0.075163,-0.07401,-0.04857,-0.043026,-0.011216,-0.019332,-0.076126,-0.053803
19940731,-0.01944,0.011632,0.036104,0.145364,0.059015,0.042075,-0.012715,0.108117,0.110727,0.073484
19940831,-0.024277,-0.03159,0.003489,0.0212,-0.026099,-0.072646,-0.022067,-0.015869,0.0432,-0.010385
19940930,-0.023869,-0.0494,-0.081835,-0.065859,-0.10983,-0.080641,-0.035601,-0.033745,-0.047878,-0.110035
19941031,0.005195,0.029629,0.050398,0.047222,0.004084,-0.038361,-0.021314,-0.012041,-0.03053,0.048671
19941130,0.003028,-0.008345,0.025715,0.002685,0.05795,0.100426,0.085834,0.066578,-0.016734,0.054183
19941231,0.054219,0.089719,0.058705,0.044433,0.062303,0.078261,0.043507,0.092546,0.06074,0.028631
19950131,-0.018382,-0.001042,-0.016386,0.026869,-0.004643,-0.020687,0.083391,0.015461,0.003798,0.008087
19950228,-0.008845,-0.027138,-0.070503,0.061604,-0.013586,-0.031342,0.007672,0.017967,0.001547,-0.001806
19950331,0.010095,-0.015426,-0.062532,0.007196,-0.059367,-0.052828,-0.076036,-0.011586,-0.028938,-0.058005
19950430,0.036506,0.081615,0.086978,0.093735,0.137215,0.088069,0.099747,0.0671,0.047543,-0.012238
19950531,0.049428,0.033635,0.017449,0.023128,-0.011978,0.008467,0.026905,0.076149,0.177335,0.047179
19950630,0.000157,0.078902,0.02334,-0.025732,0.038632,0.042135,0.055745,0.052931,-0.005635,0.121174
19950731,0.037816,-0.002415,0.039516,0.023007,0.035025,0.041784,0.039106,0.080062,0.012463,-0.00311
19950831,0.144598,0.094969,0.004715,-0.050934,-0.030163,0.017652,0.021702,0.059543,0.025451,0.098026
19950930,0.064709,0.045871,-0.000311,0.000178,0.023802,0.00479,0.052306,0.066432,0.035222,0.005383
19951031,-0.057257,0.041946,-0.064228,-0.03069,-0.000429,-0.067835,-0.096897,-0.032516,-0.076469,-0.075242
19951130,0.148007,0.036032,0.042579,0.030369,-0.040248,0.026957,0.063071,0.024897,-0.002004,0.073081
19951231,0.035511,0.017317,0.016324,0.023196,0.039141,0.020322,0.036014,0.031057,0.021009,0.025992
19960131,0.105863,0.01975,0.060376,-0.022445,0.010355,-0.004305,0.043411,-0.001989,-0.017783,0.056503
19960229,0.065196,0.022848,0.022794,0.049304,0.010891,-0.001974,0.026392,-0.01515,0.051289,0.14374
19960331,-0.025291,-0.056497,0.021872,0.036599,0.021719,0.024959,-0.016206,0.04362,0.022636,0.002556
19960430,0.070641,0.041014,0.134075,0.133659,0.087156,0.03918,0.076901,0.088676,0.065397,0.045713
19960531,0.029122,-0.002781,-0.042878,-0.001747,0.032362,0.019958,0.046277,0.028954,0.033437,0.041944
19960630,-0.032359,-0.028794,-0.03848,0.004032,0.031749,0.057587,0.035512,0.060526,0.030239,-0.005652
19960731,0.001886,0.034193,-0.024052,-0.016921,-0.104258,-0.006443,-0.035132,-0.039111,-0.00518,0.013412
19960831,0.068175,0.063976,0.020296,0.016018,0.062771,0.021423,-0.034378,-0.011003,0.007971,0.012442
19960930,-0.019833,9e-06,0.050344,0.072787,0.024381,-0.01068,0.023729,0.028811,-0.009245,0.01085
19961031,0.096917,0.043957,0.078205,0.060102,0.00828,0.010194,0.017331,0.001994,0.005464,0.02392
19961130,0.139739,0.104988,0.061087,0.016237,0.086432,0.083051,0.134765,0.09571,0.072943,0.102262
19961231,0.019449,-0.004083,0.009302,0.03563,0.062119,0.085319,0.044903,0.088118,0.071784,0.015771
19970131,0.216036,0.242004,0.160714,0.117355,0.071718,0.10479,0.123847,0.026658,0.131901,-0.010241
19970228,0.010092,-0.028949,-0.015841,0.018775,-0.043196,0.002778,-0.067259,0.036525,0.044161,0.020661
19970331,0.02805,0.039515,0.006687,-0.002881,-0.005764,-0.005018,0.029584,0.065087,0.001852,0.01547
19970430,-0.095032,-0.067058,-0.014319,0.017344,0.081665,0.00608,0.022506,0.010033,-0.023025,0.114761
19970531,0.095519,0.071004,0.076675,0.09792,0.048611,0.062111,-0.00842,0.061098,0.063431,0.090292
19970630,0.02347,0.038765,-0.003761,0.014314,0.060839,0.077411,0.076429,0.075015,0.057027,0.027546
19970731,0.049799,0.192351,0.058813,0.088965,0.051385,0.129383,0.21482,0.05135,0.131408,0.145657
19970831,0.002359,0.032995,0.049398,0.029866,0.038901,-0.023505,-0.028588,-0.070494,-0.024833,-0.005161
19970930,0.018999,0.073738,0.085913,0.016103,0.053885,0.085918,0.056421,0.04886,0.026078,-0.013542
19971031,0.064943,-0.029572,-0.001457,-0.025708,-0.013392,0.056832,0.0797,-0.090256,0.018968,-0.054447
19971130,-0.016258,-0.061503,-0.037742,-0.04043,-0.061221,-0.067717,-0.018393,-0.045424,-0.052694,-0.021642
19971231,0.002871,0.000907,0.020797,0.012198,-0.0222,-0.050306,-0.018483,0.011522,0.066585,-0.02325
19980131,0.01296,-0.015621,-0.024089,-0.040787,0.052385,0.030381,-0.055085,-0.100699,-0.067356,-0.013854
19980228,0.11639,0.000561,-0.006695,0.079515,0.043264,-0.005253,-0.02503,-0.055247,0.101936,0.021686
19980331,0.086526,0.153772,0.11274,0.137515,0.103838,0.195365,0.124475,0.13833,0.05342,0.052534
19980430,0.125666,0.118217,0.076616,0.077945,0.034938,0.017434,0.001607,-0.016953,0.009812,0.041003
19980531,-0.030779,0.017726,-0.066469,-0.091528,0.026157,-0.01527,-0.077615,-0.06128,-0.002379,-0.063132
19980630,-0.062857,-0.092186,-0.080989,-0.059722,-9.7e-05,0.064708,-0.020114,-0.060848,-0.025303,-0.034956
19980731,0.005687,0.019698,-0.03698,-0.075703,-0.001677,-0.042047,-0.002119,0.012056,-0.015643,0.021725
19980831,-0.191558,-0.266047,-0.248932,-0.259733,-0.27099,-0.203497,-0.170497,-0.285204,-0.257839,-0.119059
19980930,-0.163164,-0.05193,0.019175,0.011487,-0.007693,-0.101655,-0.041169,-0.143695,-0.143544,-0.096587
19981031,0.254198,0.004379,0.003696,0.137615,0.100793,0.056126,0.159015,0.258514,0.083275,0.039108
19981130,0.040517,-0.087113,-0.036362,-0.129893,-0.054561,0.099998,-0.108354,-0.11215,0.046117,-0.04908
19981231,-0.003524,-0.083854,-0.005107,-0.070284,0.027267,0.129593,-0.070776,0.092222,-0.08774,0.048126
19990131,0.204742,0.128987,0.079956,0.025467,0.21743,0.065109,0.100708,0.138119,0.099905,0.09636
19990228,0.015746,-0.04711,-0.080913,-0.065478,-0.037481,0.007458,-0.050414,-0.012098,0.012957,0.014318
19990331,-0.009995,0.020705,0.051133,0.166221,0.134998,0.140305,0.141635,0.056645,0.047725,0.107083
19990430,0.122316,0.107187,0.028903,0.096186,0.137115,0.019273,0.123827,0.150093,0.116804,0.174664
19990531,-0.040766,0.88359,0.037383,0.102621,0.031383,-0.119405,-0.057511,0.053151,0.021416,0.008697
19990630,-0.032174,-0.00936,0.064133,0.047497,0.070126,-0.001966,-0.030381,0.022433,0.000228,0.088726
19990731,-0.007288,0.086127,0.057398,0.005484,0.030516,0.046033,0.056364,0.033621,0.021756,0.034897
19990831,0.056239,-0.010273,-0.010452,0.014423,-0.033106,0.031513,0.074487,0.008635,0.060399,0.039847
19990930,-0.002816,-0.026789,-0.024219,-0.049898,-0.100488,-0.022124,-0.015796,-0.007785,0.002219,-0.059405
19991031,0.009231,0.050783,0.096474,0.115418,-0.054307,0.007157,-0.046794,-0.014473,-0.013967,-0.057377
19991130,0.156777,0.261616,0.009685,0.110978,0.080652,0.09676,0.034398,0.018971,0.079224,0.014666
19991231,0.113387,0.12489,-0.01892,0.108035,0.183115,0.129191,0.088602,0.177063,0.159129,0.127829
20000131,0.012971,0.095514,0.024706,0.019769,-0.018499,-0.0472,-0.067352,0.026602,0.096294,0.084709
20000229,0.344465,0.479782,-0.13482,-0.053814,-0.030133,0.023135,0.011067,0.032231,0.06451,-0.036719
20000331,-0.011163,0.023673,-0.060461,-0.002298,0.029887,0.03044,0.086649,-0.01716,0.081094,0.002269
20000430,-0.027783,-0.124984,-0.033972,-0.06707,0.031419,-0.007288,-0.00459,0.000476,0.027726,0.103102
20000531,0.040771,0.026222,0.061423,0.08284,0.048268,0.097171,0.079625,0.027443,0.146185,0.057191
20000630,0.060756,0.14008,-0.013211,-0.038387,0.040383,-0.026366,0.025803,0.039774,0.047683,0.00849
20000731,0.079921,0.05901,0.089887,0.042851,-0.038346,0.033632,0.036248,0.088751,0.001736,0.05629
20000831,0.049845,0.083716,0.025061,0.050869,0.135056,0.119798,0.137214,0.098444,0.202629,0.138623
20000930,0.029882,-0.012703,0.055979,0.023688,-0.031483,-0.032295,-0.05721,-0.020925,-0.017649,-0.013997
20001031,0.028731,-0.014292,-0.025831,-0.076015,-0.015777,0.034161,-0.031071,0.029664,0.014308,-0.039339
20001130,-0.150046,-0.15987,-0.047198,-0.085587,-3.8e-05,-0.021133,-0.027193,0.013264,-0.05999,-0.091167
20001231,0.021013,-0.097867,0.100651,-0.02925,-0.002227,0.00571,0.084993,0.024437,-0.021495,0.017245
20010131,0.09307,0.141964,0.088423,0.03269,0.040151,0.023543,-0.065291,-0.052491,0.0945,0.035493
20010228,-0.076567,0.017837,-0.024271,0.032828,-0.006709,0.069734,0.125819,0.080532,0.028865,0.094601
20010331,-0.108688,-0.119083,-0.089878,-0.085843,-0.005296,-0.118146,0.01901,-0.013075,-0.044092,-0.072479
20010430,0.109495,0.057624,0.108445,0.056466,0.052398,-0.067032,0.116951,0.095521,0.031332,0.075051
20010531,0.062138,-0.040713,0.011968,-0.0216,0.015177,0.064692,0.062894,0.106725,-0.026883,0.018365
20010630,-0.064616,-0.098226,-0.034558,0.002732,-0.002637,-0.018409,-0.083442,-0.051619,0.000724,-0.024291
20010731,0.038935,0.029605,0.021195,-0.017731,-0.026504,0.066033,-0.030698,-0.022553,0.015455,-0.006249
20010831,0.034139,-0.044483,-0.097706,0.04875,-0.015522,-0.060679,0.008078,-0.041547,-0.036454,-0.04639
20010930,-0.028124,-0.139731,-0.071788,-0.19302,-0.151091,-0.315969,-0.168525,-0.128156,-0.068638,-0.057385
20011031,0.049701,0.054722,0.024315,0.09675,0.040349,0.007697,0.004941,0.008443,0.019661,0.009937
20011130,0.101225,0.088487,0.05485,0.083327,0.018886,0.315098,0.11287,0.059254,-0.033696,0.003425
20011231,0.042324,0.019734,0.038919,0.074107,0.091146,0.007292,0.113653,0.087878,0.066109,-0.018704
20020131,-0.034976,-0.042518,0.021315,-0.013021,-0.015316,-0.014234,0.070679,-0.007414,0.031477,0.016768
20020228,0.067156,0.0868,-0.000437,-0.007635,0.061367,0.028491,0.017239,0.069109,0.057151,-0.020679
20020331,0.063705,0.082668,0.04497,0.096255,0.045781,0.080388,0.125419,0.062291,0.076417,0.097719
20020430,-0.130955,0.003368,-0.045126,-0.049674,-0.021632,0.026707,-0.005194,-0.027902,0.086783,0.017353
20020531,-0.084347,0.001487,0.039508,-0.024128,-0.02705,-0.002519,-0.052753,0.012534,-0.019237,0.004481
20020630,-0.069514,-0.037922,-0.093051,-0.105697,-0.043376,-0.113446,-0.096066,-0.122721,-0.044604,-0.082279
20020731,-0.001412,-0.053681,-0.101008,-0.06409,-0.076656,-0.029297,-0.028704,-0.065599,0.005186,-0.063278
20020831,-0.006834,0.005603,0.003371,0.00527,-0.032784,-0.039559,-0.061432,-0.120449,-0.036366,-0.0273
20020930,-0.092157,-0.124717,-0.142899,-0.126446,-0.161503,-0.137764,-0.135978,-0.155463,-0.126723,-0.100914
20021031,0.085595,-0.029366,0.074479,0.082952,0.083014,0.0278,0.13853,0.208586,0.003899,-0.04546
20021130,0.08342,0.004805,0.079775,0.046141,0.085381,0.001556,0.110579,0.04237,0.059739,0.018762
20021231,-0.145664,0.075986,-0.067057,-0.004129,-0.092478,-0.007129,-0.186058,0.060496,0.039757,-0.102667
20030131,-0.120725,-0.072774,-0.057072,-0.051014,-0.050292,0.02885,-0.007213,-0.028728,0.087634,0.069296
20030228,-0.095019,0.013576,-0.069564,-0.019029,-0.075271,-0.13565,-0.083113,-0.018991,-0.100064,-0.027341
20030331,0.001345,0.022818,0.055635,-0.035212,0.029525,0.048034,0.075232,0.004932,0.039407,-0.006438
20030430,0.084522,0.021694,0.102629,0.190465,0.10394,0.24219,0.239293,0.120816,0.046436,0.110647
20030531,0.032663,0.094631,0.04635,0.088433,0.047093,0.080071,0.05179,0.03419,0.187207,0.120855
20030630,0.056975,0.062326,0.068881,0.009241,0.147558,-0.003359,0.139759,0.127842,0.104766,0.127359
20030731,0.059487,0.065629,0.058665,0.055756,0.051196,0.058819,0.23406,0.104291,0.094079,0.063134
20030831,0.066257,0.051562,0.095017,0.008977,0.033538,-0.040301,0.087997,0.056556,0.234098,0.047991
20030930,-0.020896,-0.063267,-0.043052,-0.019606,-0.071697,-0.036553,-0.106362,-0.099602,-0.013271,0.029802
20031031,0.359698,0.065183,0.07938,0.211711,0.11821,0.189106,0.068891,0.120374,0.117323,0.092934
20031130,-0.001304,0.019762,0.025421,0.068221,-0.007327,0.003078,-0.014562,-0.003896,0.045678,0.052624
20031231,0.04512,0.082762,0.021693,0.055432,0.055683,0.067863,0.136327,0.0615,0.092054,0.098217
20040131,0.130589,0.111816,0.065204,0.123977,0.126389,0.074263,0.116339,0.128073,0.148741,0.225322
20040229,0.049513,0.045384,0.08344,0.063911,0.081187,0.140797,0.101354,0.073065,0.055041,0.195726
20040331,-0.055466,-0.037262,-0.011327,-0.035406,-0.018704,-0.038719,-0.027037,-0.081917,-0.080618,-0.06003
20040430,0.023971,-0.082085,-0.002696,-0.076812,-0.03425,-0.050779,-0.024873,-0.008426,-0.076239,-0.078702
20040531,-0.025124,0.028634,0.03535,-0.014167,0.015527,0.054015,-0.001249,-0.04057,0.024218,0.004699
20040630,0.040263,0.108323,0.032029,0.033822,0.127654,0.081503,0.070394,0.064014,0.037019,0.126031
20040731,0.007452,-0.086416,-0.009884,0.010412,0.025702,-0.015476,0.027267,-0.014828,0.014758,-0.027759
20040831,0.044592,-0.011407,0.017354,0.035352,0.025496,-0.021676,-0.015828,0.035477,0.033642,0.113026
20040930,0.052094,0.033194,0.078021,0.026043,0.070233,0.127933,0.050754,0.081873,-0.000725,0.144895
20041031,-0.001376,-0.011793,-0.033152,-0.040209,0.002756,-0.042351,-0.017337,-0.037398,0.043111,-0.024411
20041130,0.138131,0.076249,0.058684,0.109039,0.094916,0.071964,0.195438,0.182428,0.106168,0.149827
20041231,0.034988,0.061808,0.007141,0.08422,0.028739,-0.031936,0.048208,0.03618,0.055778,0.074438
20050131,0.061733,0.101369,0.06604,0.008847,0.158367,0.014163,0.048806,-0.010075,0.067561,0.317526
20050228,0.010975,0.140071,0.00823,0.117215,0.109335,0.090967,0.035929,0.100506,0.124342,0.117291
20050331,-0.012885,-0.036947,-0.007354,-0.03195,-0.024441,-0.003435,0.006754,-0.007133,0.085506,0.100289
20050430,-0.036034,-0.082287,-0.060082,-0.007491,-0.060516,-0.032795,-0.030379,-0.05237,-0.03012,0.021258
20050531,0.114692,0.036944,0.037395,0.071382,0.049165,0.053707,0.048606,0.020125,0.093724,0.203373
20050630,0.057863,0.050427,0.031231,0.163174,0.079898,0.117229,0.144127,0.102607,0.11213,0.164156
20050731,0.070249,0.094875,0.116861,0.045922,0.117335,0.027879,0.03365,0.076061,0.19016,0.128528
20050831,0.076145,0.06104,0.106128,0.066873,0.089654,0.049226,0.127769,0.006667,0.102885,0.254328
20050930,0.126273,0.034088,0.016656,0.041515,0.043102,0.04266,0.114772,0.048563,0.011239,0.090557
20051031,-0.134835,-0.089539,0.015624,-0.095161,-0.09811,-0.077768,-0.083841,-0.045018,-0.076312,-0.132964
20051130,0.0556,0.04794,0.041034,0.027997,0.062496,0.055598,0.086931,0.069834,0.002971,0.10167
20051231,0.071813,0.027786,0.111182,0.049968,0.117689,0.037175,0.099723,0.126448,0.189725,0.103922
20060131,0.093225,0.051058,0.172552,0.05902,0.030375,0.154719,0.001193,0.022855,0.03062,-0.003955
20060228,0.082996,0.040147,-0.047085,0.068642,0.076958,-0.029754,0.091959,0.051915,0.005865,0.015391
20060331,0.13748,0.052799,0.098731,0.110914,0.01124,0.12957,0.060468,0.086496,0.082167,-3.2e-05
20060430,0.097254,-0.005305,0.068802,0.03305,-0.002361,0.036295,0.011146,-0.006055,-0.032237,-0.003099
20060531,-0.04226,-0.044302,-0.101927,-0.075597,0.030239,-0.076212,-0.086628,-0.093074,-0.049256,-0.03582
20060630,-0.043246,0.034364,0.000464,-0.034868,-0.023471,-0.01299,-0.004045,0.01583,0.033723,0.00974
20060731,0.017657,0.008593,0.028442,-0.001096,0.048623,0.04949,-0.017665,0.000938,-0.008467,-0.006926
20060831,-0.000457,0.051874,-0.059895,0.064561,0.023871,-0.044573,0.04881,0.076841,0.042164,0.053298
20060930,0.005986,-0.032629,-0.090925,0.023242,0.05073,-0.092863,0.023228,0.070553,0.013018,-0.011587
20061031,0.114205,0.053575,0.073472,0.05829,0.173314,0.03642,0.075882,0.066054,0.06071,0.037202
20061130,0.05373,-0.002914,0.034039,0.051728,0.032037,0.012548,0.010418,0.017941,0.026778,0.018658
20061231,0.05739,0.038118,-0.02606,0.057174,0.089184,0.230002,0.043657,0.060441,0.063372,0.02976
20070131,0.078242,0.001063,0.048018,0.032916,0.038396,0.076482,0.030875,0.074939,0.063897,0.009209
20070228,-0.051292,0.065072,-0.07211,-0.051162,-0.052838,0.020388,-0.071431,-0.003778,-0.049031,-0.00251
20070331,0.082516,0.084158,-0.005341,0.047701,0.070125,0.054836,0.037057,0.061838,0.006236,0.017203
20070430,0.104469,0.008835,0.03193,0.02192,0.031685,0.014133,0.044616,0.072317,0.057623,-0.002364
20070531,0.060778,0.052302,0.085115,0.011334,0.063073,0.037313,-0.025246,0.065529,0.023092,0.007704
20070630,0.086893,-0.00223,0.005953,0.089886,0.057097,0.036028,-0.035339,0.036555,-0.026056,-0.043718
20070731,0.025488,-0.029039,-0.048099,-0.052903,-0.022629,0.039269,0.0142,-0.016589,-0.003716,0.016841
20070831,-0.039767,0.00093,-0.011444,-0.034706,-0.043461,-0.059215,0.014223,-0.082342,-0.090435,-0.005511
20070930,0.103316,0.026078,0.022267,0.088645,0.071969,-0.014602,0.004082,0.003103,-0.072921,-0.03868
20071031,0.067663,0.068474,0.128824,0.011265,0.035367,-0.053799,0.073192,0.045903,0.028761,0.051382
20071130,-0.060251,-0.064541,0.003186,-0.013191,-0.030177,-0.074739,-0.0257,-0.014899,-0.081214,-0.102967
20071231,-0.00103,0.069543,0.008581,-0.027474,0.029148,0.03786,-0.035003,0.040643,0.003274,0.051234
20080131,-0.225263,-0.120158,-0.11762,-0.163212,-0.284681,-0.153506,-0.1657,-0.148955,-0.18539,-0.199264
20080229,0.137579,0.112236,0.039933,0.152486,-0.034347,0.128345,0.088471,0.031816,-0.022568,-0.014551
20080331,-0.038004,-0.04055,-0.056777,-0.041635,-0.019665,-0.013504,-0.025575,-0.003675,-0.051591,-0.138302
20080430,0.145734,0.106081,0.126189,0.185943,0.076514,0.037839,0.019425,0.022015,0.049566,0.095727
20080531,0.074163,0.057538,0.089135,0.089612,0.077341,0.093119,0.064964,-0.002398,0.015635,0.055103
20080630,-0.067443,-0.061761,-0.006483,-0.043569,-0.09241,-0.069842,-0.08385,-0.133188,-0.057319,-0.07906
20080731,-0.047205,-0.060855,-0.150694,-0.087433,-0.012843,-0.090073,0.047032,0.037215,0.03072,-0.02375
20080831,0.058539,0.027643,0.014266,-0.009724,0.057128,-0.087501,-0.040357,0.012017,-0.007364,0.208079
20080930,-0.241075,-0.255152,-0.216599,-0.171541,-0.23,-0.298592,-0.211995,-0.231008,-0.11079,-0.185221
20081031,-0.265165,-0.1151,-0.344329,-0.085669,-0.098629,-0.219488,-0.133358,-0.179401,-0.188196,-0.072301
20081130,-0.02257,-0.081877,-0.082785,-0.087885,-0.074846,-0.092955,-0.002621,-0.265092,-0.045162,-0.122495
20081231,0.05459,-0.039661,0.219546,-0.035823,0.09861,0.115148,0.03206,0.122918,0.069642,-0.139578
20090131,-0.024049,0.055115,0.038423,0.012953,-0.014612,0.094123,-0.066605,-0.056658,-0.030881,0.070002
20090228,-0.05781,-0.121892,-0.013964,-0.060565,-0.151378,0.004864,-0.06614,0.059651,-0.032102,-0.000412
20090331,-0.122416,0.132648,0.008836,0.113574,0.067333,0.011868,0.101504,0.143277,0.124535,-0.036797
20090430,0.10875,0.053355,0.081504,0.140333,0.091958,0.074027,0.148526,0.325936,0.368939,0.072069
20090531,0.084831,0.117875,0.101519,0.230159,0.201212,0.098172,0.139325,0.22258,0.048422,0.232863
20090630,0.062035,-0.058192,-0.051014,0.008521,-0.060513,0.035458,0.025628,-0.012456,0.074257,0.11118
20090731,-0.022864,0.029241,0.039038,0.047084,0.098788,0.090765,0.057535,0.058749,0.085983,-0.005346
20090831,-0.081869,-0.075644,-0.001493,0.039127,-0.000606,0.038189,0.032644,0.121871,0.125142,0.033896
20090930,0.046979,0.140184,0.019236,0.132586,0.149127,0.060589,0.063665,0.09664,0.141392,0.167352
20091031,0.031487,-0.06076,0.045107,0.013454,0.067323,0.030006,0.003505,-0.008617,-0.018439,0.162245
20091130,-0.002533,0.034399,0.073839,0.100504,0.017834,0.088218,0.046666,0.021271,0.078703,-0.067194
20091231,0.174185,0.1068,0.048494,0.086601,0.059443,0.0417,0.14297,-0.002809,0.052055,0.017798
20100131,0.022737,-0.034669,-0.062348,0.11125,-0.045816,0.067117,0.043756,0.044008,0.028887,0.033982
20100228,-0.039307,0.006121,-0.02373,0.005106,-0.074334,-0.048202,0.032646,0.027364,0.055607,0.03543
20100331,0.121832,0.055313,0.070394,0.010623,0.114616,0.059435,0.067068,0.165143,0.051922,0.110318
20100430,0.069621,-0.031882,0.032778,0.057598,-0.004708,0.040853,0.014605,0.096082,0.014557,-0.004999
20100531,-0.039508,-0.103874,-0.067248,-0.130671,-0.117591,-0.098039,-0.042999,-0.104117,-0.088528,-0.035191
20100630,-0.048694,-0.02581,-0.004111,-0.104056,-0.103098,-0.033302,-0.049242,-0.129846,-0.046042,-0.072629
20100731,0.049123,0.154547,0.035156,0.048848,0.118337,0.161453,0.02544,0.100268,0.109919,0.092123
20100831,-0.010947,0.054774,-0.027153,-0.013449,-0.006715,-0.072996,-0.03348,-0.073951,0.00061,0.003867
20100930,0.049678,0.102156,0.042326,0.111196,0.090324,0.145744,0.011025,0.148909,0.012548,-0.023298
20101031,0.025543,0.098285,0.040755,0.08582,0.047856,0.036787,0.027596,0.202434,0.075475,0.033164
20101130,0.041387,0.014201,-0.039827,0.029002,-0.001038,-0.051596,0.06666,0.045717,0.042544,0.00914
20101231,0.036094,0.10838,0.11049,0.151992,0.120583,0.100285,0.165218,0.099064,0.099834,0.018621
20110131,-0.036419,-0.017008,0.042021,-0.014691,-0.008706,-0.026355,0.02424,0.015603,-0.014098,0.030121
20110228,0.043066,0.030803,0.002504,0.047571,-0.026916,0.058594,0.047317,0.063142,0.057921,0.047052
20110331,-0.005082,-0.026265,0.073291,0.020643,-0.012546,-0.007578,0.003404,-0.013304,0.008061,-0.006586
20110430,0.016748,0.002265,0.022491,-0.003793,-0.021328,0.036198,0.068427,-0.025679,-0.003497,-0.039944
20110531,0.013752,0.042464,0.02527,-0.010105,-0.015079,-0.053657,-0.05902,-0.064114,-0.001882,-0.032805
20110630,-0.023421,-0.051841,-0.026982,-0.036334,-0.045045,-0.043228,-0.027241,-0.037943,-0.017101,-0.040943
20110731,0.007704,-0.010345,0.061281,-0.004338,-0.092743,0.000348,-0.024566,0.063317,0.039919,-0.00836
20110831,-0.124178,-0.084137,-0.116191,-0.030432,-0.109001,-0.129027,-0.02756,-0.136098,-0.114002,-0.033689
20110930,-0.08548,-0.135011,-0.059271,-0.011678,-0.082123,-0.08743,-0.089539,-0.06577,-0.102804,-0.050154
20111031,0.088146,0.131945,0.128112,0.100046,0.164775,0.081731,0.244649,0.098904,0.076595,0.017129
20111130,-0.033785,-0.007245,0.055658,0.027548,-0.031211,-0.057341,-0.02125,-0.061957,-0.010181,-0.041204
20111231,-0.004361,0.014369,0.0286,0.019851,-0.01663,0.00162,0.005028,-0.013207,0.017302,-0.040807
20120131,0.069438,0.058832,-0.009362,0.041673,-0.026087,0.08048,0.069619,0.088093,0.050426,0.088357
20120229,0.103243,0.040213,0.078615,0.121446,0.085319,0.065913,0.112699,0.019168,0.04567,-0.003288
20120331,0.06837,-0.050487,0.023704,-0.015782,-0.027094,-0.008383,-0.008591,0.034472,0.035614,-0.006761
20120430,-0.026419,0.062313,-0.000362,0.020613,-0.00772,-0.007019,-0.107509,-0.038406,-0.022519,-0.061901
20120531,-0.109722,-0.063948,-0.10397,-0.114691,-0.058793,-0.008045,-0.090588,-0.093052,-0.020431,-0.054923
20120630,-0.002704,0.06083,0.097168,0.073956,0.030608,0.029278,0.066273,0.081792,-0.066357,-0.009078
20120731,0.05205,0.0857,0.03106,0.074862,0.015881,0.016898,0.024569,-0.021413,0.005519,0.020308
20120831,0.04402,0.019975,0.034923,0.026139,0.035666,0.034393,0.036222,0.029867,-0.041975,-0.008452
20120930,0.011604,-0.018447,0.05165,0.023454,-0.003728,-0.004924,0.055524,0.07444,0.028326,0.020822
20121031,-0.048293,0.027826,0.008122,-0.008307,-0.036404,-0.016007,0.002053,0.07256,-0.013525,0.049475
20121130,0.008875,-0.044701,0.01911,0.020049,-0.011511,0.036078,0.009865,0.034965,0.129664,-0.03012
20121231,0.01535,-0.000165,-0.020928,0.011568,0.009677,0.067208,0.0166,-0.027645,0.037324,0.005777
20130131,0.000359,0.063289,0.075937,0.057326,0.073174,0.056405,0.068525,-0.006658,0.097454,0.111056
20130228,0.106489,0.010986,0.011418,-0.022451,0.056419,0.023616,0.021824,-0.020032,0.063992,0.099552
20130331,0.034476,0.021228,-0.017216,-0.021994,-0.004622,-0.006729,-0.038971,-0.019408,0.081479,0.035431
20130430,-0.018431,0.000146,0.008766,0.033325,0.004777,0.031354,0.072601,0.065025,-0.004012,-0.025316
20130531,0.046725,0.035627,0.051033,0.018343,0.025684,0.013961,0.005956,0.029765,0.049783,0.005952
20130630,0.018483,-0.025413,-0.056923,-0.035058,0.03249,-0.066353,-0.021076,-0.059541,0.004683,-0.021517
20130731,0.090869,0.063665,0.080204,0.026253,0.022454,0.053853,0.080532,0.058067,0.032189,0.029155
20130831,0.033552,0.034903,-0.016468,-0.031489,-0.002439,0.022752,-0.003825,-0.01139,0.043891,0.024068
20130930,0.005437,0.031122,-0.009725,0.009377,0.020807,0.001066,0.029723,0.002017,0.077751,-0.014214
20131031,0.100663,0.026666,0.017731,0.047616,-0.000465,0.076936,0.060215,0.079952,0.061055,0.083256
20131130,0.116125,0.001844,0.027901,0.056336,0.01908,0.000412,0.055333,-0.005839,0.027373,0.003964
20131231,0.027174,-0.0254,-0.017798,-0.000686,0.016635,0.039136,0.04623,0.024111,0.040322,0.025827
20140131,-0.07517,-0.090093,0.006618,-0.027577,-0.009323,0.076781,0.00794,0.032732,0.04971,0.047173
20140228,0.088433,0.015846,0.082089,0.018599,0.00318,0.002541,0.059766,0.029615,-0.016278,0.001344
20140331,-0.021281,-0.003078,0.017645,0.029933,0.001179,0.020604,0.062042,-0.020743,-0.015737,0.011572
20140430,-0.047233,0.032895,0.00353,0.043287,0.033887,-0.01473,0.06337,0.033738,-0.003998,-0.00828
20140531,0.02682,0.061658,0.019172,0.084126,0.040262,0.060345,0.0538,0.045666,0.038537,0.024792
20140630,-0.003529,0.023337,0.008531,0.044212,0.03716,0.041961,0.026102,0.003488,0.014559,-0.031804
20140731,-0.061591,0.001725,-0.035208,0.014176,-0.023594,0.080667,-0.039412,0.096119,0.00612,-0.002095
20140831,0.003071,-0.0146,0.010927,-0.018662,0.035347,0.006224,-0.024539,-0.02864,0.036412,0.0344
20140930,0.058912,-0.072268,-0.023292,0.001893,0.031172,0.087363,0.006903,-0.011893,0.027247,0.00776
20141031,-0.049576,0.001675,-0.031745,-0.062914,-0.000132,0.032744,-0.113811,0.021621,0.019178,-0.001521
20141130,0.139856,-0.071864,0.045191,-0.007356,-0.051873,0.072976,-0.109795,0.049188,-0.010769,-0.028788
20141231,0.026494,0.014166,0.009273,0.022195,0.022685,0.174313,-0.005019,0.013843,-0.006175,-0.027573
20150131,0.048733,0.072406,-0.025719,0.045163,0.135384,0.025669,0.000901,-0.065102,-0.044502,-0.052062
20150228,-0.085237,-0.032026,0.023891,0.040544,0.056978,0.107508,0.096949,0.086427,0.051215,0.080342
20150331,0.034981,0.049692,0.070066,-0.004822,-0.020021,0.025967,-0.012601,-0.051184,0.004123,0.010249
20150430,0.071029,0.05862,-0.098792,0.034983,-0.029101,0.056603,0.066388,0.174912,0.070106,0.043884
20150531,0.046067,0.049058,0.110653,0.015058,0.027996,0.020549,-0.043463,0.000813,-0.005823,-0.017998
20150630,-0.018718,-0.028244,0.020111,-0.007526,0.025077,-0.035059,-0.048627,-0.057837,-0.04089,-0.053436
20150731,0.084151,0.039746,0.140609,0.029911,-0.003079,0.020289,-0.02277,-0.053785,-0.025611,0.01498
20150831,-0.042522,-0.063072,0.014761,-0.028348,-0.080068,-0.084606,-0.084716,-0.113172,-0.007615,-0.035981
20150930,0.020269,-0.033464,0.024402,0.033697,-0.051985,-0.047415,-0.00338,-0.104375,0.038945,-0.003213
20151031,0.011527,0.027298,0.085832,0.097202,0.09605,-0.007584,0.086827,0.073966,-0.044217,-0.040596
20151130,0.085669,-0.023445,-0.010929,0.017158,0.031181,0.063677,0.019985,0.008363,-0.018305,0.056616
20151231,-0.019448,-0.015491,0.098902,-0.021933,-0.035464,-0.019671,-0.061034,-0.08631,-0.008847,-0.029396
20160131,-0.097761,-0.04318,-0.20093,-0.038326,-0.109074,-0.05517,-0.059295,-0.068768,-0.046002,-0.190682
20160229,-0.008334,-0.027526,-0.023595,0.053827,0.035697,-0.03174,0.106201,-0.002861,0.035378,-0.016082
20160331,0.005221,0.034019,-0.013036,0.034968,-0.018362,-0.026165,0.020394,0.049408,0.069032,0.283134
20160430,0.00568,0.038187,0.079726,-0.005856,0.035786,0.081393,0.076089,0.074377,0.044069,0.303998
20160531,0.057091,0.057666,0.020332,0.086718,0.009404,0.036483,-0.036692,0.019616,-0.014602,-0.179071
20160630,-0.03242,0.00172,0.029061,0.001394,-0.048666,-0.072632,0.046384,-0.085309,0.000393,-0.031858
20160731,0.061128,0.034055,0.0747,0.054891,0.042462,-0.035805,-0.016357,-0.002347,0.039804,-0.074946
20160831,0.018433,0.013224,0.0024,-0.04064,0.044086,0.073539,0.004791,0.056715,0.010429,-0.047499
20160930,-0.046886,-0.012027,0.00021,0.075549,-0.041251,0.030506,0.00966,0.080286,0.028666,-0.009684
20161031,-0.083527,0.004312,0.062706,0.022889,0.091125,0.125872,0.023137,0.093042,0.054939,0.023116
20161130,-0.020011,-0.021091,0.057838,0.024077,0.070138,0.041937,0.094053,0.044116,0.039118,0.175722
20161231,0.033035,0.031486,0.048408,0.017731,0.082963,0.029464,0.068972,0.077288,0.062056,0.280378
20170131,-0.022586,0.012021,-0.007502,-0.015722,-0.005489,0.015677,0.088278,0.087701,0.054925,0.068798
20170228,-0.007612,0.020967,0.018543,-0.022833,-0.00591,-0.007,0.031365,-0.002644,0.067053,0.046098
20170331,-0.056915,0.010207,-0.002044,-0.022952,-0.010652,-0.011846,0.024505,0.038735,0.044507,-0.019785
20170430,0.043576,-0.008585,0.066975,0.069591,0.026261,-0.004301,-0.008091,0.018341,0.01044,0.033051
20170531,0.06125,0.031927,-0.046708,0.04355,0.014827,0.05063,-0.03639,0.023654,-0.078571,0.032296
20170630,-0.051366,-0.004988,-0.04801,0.016546,-0.001801,-0.036387,0.017009,-0.008428,0.071051,0.02244
20170731,0.016022,0.091237,0.084029,-0.020265,0.02381,0.072368,0.086233,0.053733,0.049172,0.029644
20170831,0.017793,0.014866,-0.00478,0.018806,0.023511,-0.004798,0.054153,0.013378,0.130635,-0.010272
20170930,0.013861,0.059645,0.083994,0.030445,0.080176,0.072297,0.058868,0.045017,0.032588,0.026612
20171031,-0.068288,0.050531,0.088675,0.019629,0.047364,0.02029,0.056658,-0.022192,0.032185,-0.008207
20171130,-0.045354,0.049647,-0.012218,0.005284,-0.044133,-0.003033,-0.080985,0.070783,-0.004514,-0.004124
20171231,0.063378,-0.024693,0.031717,0.020602,0.004416,0.03551,0.069845,0.060406,0.015685,0.008842
20180131,0.018543,-0.029584,0.027088,-0.033865,0.036394,0.020727,-0.041941,-0.009449,-0.003928,0.011765
20180228,-0.002783,0.052517,-0.006995,0.119067,0.053568,0.000465,-0.008264,-0.006515,-0.009537,0.027176
20180331,0.00193,0.020097,-0.001503,0.015745,-0.022249,-0.011805,-0.114565,-0.031581,-0.020016,-0.003613
20180430,0.00141,0.118966,0.125933,0.156088,0.106211,0.07453,0.109812,0.025591,0.014741,-0.016771
20180531,0.011049,0.019833,0.053383,-0.022962,0.071555,0.025803,0.044459,0.057701,0.047745,-0.002257
20180630,-0.011892,0.024869,-0.012923,0.011816,0.041327,0.023767,-0.040962,0.018958,0.021316,0.003312
20180731,-0.039095,0.098022,-0.029184,0.074509,0.0395,0.018156,-0.003831,0.022023,0.036616,0.003998
20180831,0.008073,-0.005622,0.025228,0.015723,0.013938,0.01838,0.029368,-0.013514,-0.0091,0.027511
20180930,0.03343,0.026137,0.069337,0.030199,0.062892,0.041128,0.043172,0.008416,0.042587,0.153909
20181031,-0.009209,-0.007555,-0.096261,0.040471,-0.035512,-0.070417,-0.102631,0.019482,-0.017576,-0.087977
20181130,0.084658,0.031131,-0.054191,-0.038042,-0.088003,-0.056712,-0.074956,-0.018354,-0.046288,-0.146599
20181231,-0.023663,-0.071497,-0.079753,-0.087533,-0.062814,-0.073092,-0.060414,-0.062979,-0.037617,-0.118382
20190131,-0.01388,0.172375,0.025903,0.040254,0.094229,0.060238,0.015411,0.093249,-0.003661,0.024163
20190228,0.054374,0.038444,0.00442,0.048176,0.047595,0.043891,-0.00495,0.007204,0.056378,0.032014
20190331,0.027631,0.028866,-0.014227,-0.009926,-0.001233,-0.018705,0.012598,0.038425,0.002812,0.027027
20190430,-0.011627,-0.0183,0.039914,-0.020032,0.052835,0.028974,0.075203,0.069245,0.061993,0.069382
20190531,0.053427,-0.076203,0.073518,0.041772,-0.05036,-0.090448,-0.085456,-0.104465,-0.020801,-0.0031
20190630,0.011655,0.02992,-0.015781,0.007003,0.04623,0.02646,-0.007971,0.047219,0.037616,0.021118
20190731,0.00809,0.01124,0.006518,0.025755,-0.022195,-0.029034,-0.012499,0.024123,-0.013102,0.01583
20190831,0.052667,0.006882,0.044481,0.028725,-0.022697,-0.034013,-0.026925,-0.046887,0.008657,0.021249
20190930,-0.030883,0.031563,0.003719,-0.001326,0.012598,0.093448,0.075336,0.038477,0.067046,0.036298
20191031,-0.008345,0.027712,0.054267,0.056098,-0.029769,0.007709,0.07152,0.006069,0.066257,0.045806
20191130,-0.002821,0.070483,0.044306,0.038016,0.000468,-0.016429,-0.000761,0.032297,0.100127,0.055357
20191231,-0.02097,0.075947,0.017929,0.009517,0.059963,0.044242,0.04783,0.066541,0.013101,0.04427
20200131,0.041084,0.00393,-0.008358,-0.006064,-0.039888,-0.059905,-0.027251,-0.075444,-0.020993,0.037926
20200229,-0.072917,-0.111918,-0.079424,-0.095414,-0.056767,-0.034109,-0.101002,-0.088599,-0.039303,0.006472
20200331,-0.043222,-0.207155,0.060841,-0.222596,-0.109668,-0.097144,-0.153318,-0.158461,-0.245826,-0.188435
20200430,0.087268,0.104623,0.07641,0.140497,0.085144,0.102191,0.092782,0.122128,0.13461,0.134956
20200531,0.025318,0.092883,-0.011398,0.013157,0.059355,0.026814,0.024899,-0.023204,-0.000558,0.053106
20200630,-0.017904,0.036071,0.016499,0.08252,-0.023289,0.008597,-0.031902,0.052623,0.060833,0.015469
20200731,0.063568,0.191877,0.060972,0.015566,-0.027548,0.084626,0.028407,-0.016502,0.017207,-0.006393
20200831,0.074844,0.064162,0.007162,0.017042,0.013795,0.007541,0.037732,0.079225,0.026404,0.031543
20200930,0.07624,-0.008294,0.055007,-0.007191,0.019435,-0.025502,-0.056692,-0.051168,-0.04047,5.4e-05
20201031,-0.053806,-0.051162,-0.053247,-0.106536,-0.038494,-0.073465,-0.045051,0.028224,-0.008818,0.013712
20201130,0.032333,0.196615,0.004986,0.270291,0.165612,0.180271,0.256519,0.339788,0.155055,0.08891
