date,1 (small size),2,3,4,5,6,7,8,9,10 (large size)
19800131,0.204935,0.013051,0.041482,-8.6e-05,0.008812,0.055235,0.045083,0.040566,-0.148072,0.031436
19800229,0.143276,0.09382,0.082626,0.098755,-0.01638,0.034696,0.036998,0.067903,0.055314,-0.071015
19800331,0.070765,-0.034454,-0.126839,-0.041209,-0.024712,-0.034654,-0.037125,-0.074603,-0.066625,-0.23601
19800430,0.102191,-0.0562,0.010128,0.01884,-0.015661,-0.001329,-0.049513,0.058074,0.015976,0.128173
19800531,0.361189,0.035054,-0.002139,0.018628,0.030449,-0.039822,0.04148,0.092386,0.040576,0.13223
19800630,-0.075269,0.029954,0.013638,0.109058,-0.029539,0.002886,0.020376,-0.083172,-0.008149,-0.014021
19800731,0.084007,0.034061,0.058034,-0.016268,0.017016,0.044521,-0.042675,-0.016067,-0.015121,-0.026034
19800831,0.008697,0.011468,-0.03396,-0.004835,-0.002965,-0.006444,-0.037213,-0.004837,-0.009621,-0.050703
19800930,-0.003389,0.15643,-0.07877,-0.037434,-0.011261,0.016301,-0.013696,0.006745,0.059702,0.113916
19801031,0.068509,0.09727,-0.068369,0.048196,0.004993,0.022176,-0.043538,-0.027181,0.010598,-0.005298
19801130,0.140634,-0.028807,0.146279,-0.166323,0.009749,0.021288,0.027231,0.085874,0.017322,-0.015538
19801231,0.077095,0.025759,-0.051161,0.04186,-0.021474,-0.015808,0.031375,-0.003058,0.026699,-0.060218
19810131,0.526925,0.137493,0.12446,0.238704,0.26905,0.239147,0.350117,0.05032,0.101467,-0.022453
19810228,1.00677,0.239319,0.089752,0.098321,0.019279,0.796557,0.244164,0.015388,0.042716,-0.000909
19810331,0.217991,0.290816,0.004808,0.053682,0.061579,0.063689,0.127244,-0.055452,0.0439,-0.015444
19810430,0.030978,0.001364,0.069598,0.26531,0.200214,0.110665,0.380935,0.122785,0.103165,-0.004338
19810531,-0.219631,-0.0755,-0.105471,-0.131528,-0.100662,-0.13147,-0.025259,-0.059319,-0.108031,-0.115494
19810630,-0.135583,-0.007889,0.057148,0.06799,-0.011519,-0.152959,0.16816,0.000714,-0.005946,0.027104
19810731,0.173274,0.276294,0.078698,0.099027,0.179386,0.145104,0.181561,0.128448,0.168547,0.173229
19810831,0.026311,0.035741,0.045571,-0.016203,0.161045,0.003566,-0.024245,0.044672,0.011939,0.090007
19810930,-0.132537,0.180679,-0.07006,0.015943,-0.001179,-0.08432,-0.071146,0.001209,-0.054554,-0.0957
19811031,0.356668,-0.023184,0.002957,0.098582,0.127454,0.070202,0.004767,0.258996,0.068582,0.055388
19811130,0.034498,0.037773,0.108106,0.106493,-0.030989,0.050933,0.151753,0.055176,0.051058,0.012108
19811231,0.098122,-0.075809,-0.07166,0.032993,-0.081017,-0.004664,0.043258,-0.096215,-0.052255,-0.062302
19820131,0.133071,0.070439,0.169482,0.110226,0.064928,0.119963,0.088479,0.02007,0.043459,0.010153
19820228,0.067167,0.026856,-0.083614,-0.082406,-0.029684,-0.070988,-0.06535,-0.077102,-0.038476,-0.087239
19820331,0.082502,0.049883,0.062238,-0.141322,0.007314,-0.003593,-0.024611,0.003174,-0.001383,-0.110718
19820430,0.062236,0.167267,-0.03209,0.092326,0.054652,-0.050101,0.063993,0.025053,0.024562,0.061527
19820531,0.021581,0.02073,0.131334,0.076279,0.145508,0.030443,0.120299,0.038135,0.003264,0.039963
19820630,0.079412,0.060565,0.05455,-0.091417,-0.001051,-0.055917,-0.039731,-0.099478,-0.079732,-0.074945
19820731,-0.022492,0.003056,0.01529,0.033541,-0.002193,0.032005,0.018936,0.012895,-0.007598,-0.011866
19820831,0.056559,-0.031709,0.002107,-0.051515,-0.046047,-0.033836,-0.013608,-0.00604,-0.035266,0.034018
19820930,-0.037908,-0.001127,-0.015734,-0.047236,0.001323,0.035181,-0.039345,-0.069797,-0.06485,-0.058627
19821031,-0.019084,0.025714,0.008541,-0.090715,-0.017031,0.048871,0.047457,-0.015945,-0.036009,0.058888
19821130,0.053473,0.332079,-0.004055,0.016814,-0.100836,-0.030846,-0.030117,-0.039185,-0.063074,-0.07574
19821231,0.041196,-0.060649,-0.006437,-0.054428,-0.042919,-0.008836,0.050887,0.058754,0.025289,0.009644
19830131,0.393932,0.050803,0.191562,0.150369,0.077499,0.276943,0.121223,0.138593,0.246451,0.170408
19830228,0.069914,0.314847,0.115889,0.137657,0.180204,0.026767,0.133082,0.088756,0.108508,0.086033
19830331,0.292829,0.209128,0.089008,0.148109,0.127348,0.124836,0.02911,0.081056,0.188902,0.025377
19830430,0.199498,0.013842,0.151594,0.094182,0.040371,0.181703,0.189136,0.074178,0.229126,0.218757
19830531,-0.039012,0.0437,-0.029154,-0.047489,0.041728,0.020045,-0.014556,-0.016203,-0.010403,-0.00176
19830630,0.052342,-0.04619,0.026701,-0.018301,0.002716,-0.038958,-0.030702,0.026956,0.011735,0.050567
19830731,0.12215,0.133599,0.066521,0.088489,0.002502,0.048176,0.083288,0.082595,0.115124,0.12785
19830831,0.148237,0.048222,0.007408,0.026208,0.032083,0.054982,-0.011521,0.050857,-0.013004,0.029762
19830930,0.138796,0.052843,-0.006603,0.046115,0.028782,0.033645,0.012192,0.120998,0.047725,0.016671
19831031,-0.063586,0.034462,-0.028728,-0.008718,0.094738,0.036326,-0.017791,0.047,0.012574,-0.03719
19831130,-0.028647,0.15165,-0.013845,0.008555,-0.006821,0.008089,0.023761,-0.048537,-0.026422,0.020252
19831231,0.067702,0.190156,0.103703,0.234944,0.102274,0.175935,0.133024,0.095685,0.142735,0.036753
19840131,0.401749,0.304545,0.227471,0.321205,0.115634,0.160847,0.092372,0.145391,0.195224,0.155271
19840229,-0.042141,0.063769,0.008873,0.070318,0.088387,0.011243,-0.014615,0.006538,0.028959,0.003935
19840331,0.050599,0.146149,0.395806,0.33189,0.153693,0.217037,0.109348,0.074109,0.166847,0.0212
19840430,0.14167,0.089469,0.293487,0.089237,0.078725,0.030777,0.061382,0.05635,0.08458,0.086784
19840531,0.010037,0.020255,0.032027,-0.057698,0.00998,-0.000525,0.002831,0.004216,-0.026413,-0.012364
19840630,0.104259,-0.109116,-0.26312,-0.212149,-0.096518,-0.155576,-0.164406,-0.100708,-0.188745,-0.107366
19840731,0.006628,0.073251,0.078779,0.0797,0.037931,0.081762,0.066335,-0.00134,0.097873,0.013622
19840831,0.30379,0.067599,0.129774,0.05009,-0.011467,0.078002,0.022875,0.003567,0.065866,0.089881
19840930,0.182302,-0.061729,-0.065648,-0.012292,-0.006306,-0.005934,-0.066783,-0.030923,-0.049515,-0.028524
19841031,-0.033241,0.061612,0.208289,0.042035,0.079877,0.098949,0.063026,0.004685,0.07979,0.036723
19841130,0.698039,0.053461,-0.0116,0.017251,0.118672,0.03038,0.043657,0.013513,0.019454,-0.061627
19841231,-0.164741,-0.08795,0.254056,0.049529,0.087396,0.044778,0.138212,-0.001706,0.161168,-0.006616
19850131,0.309791,0.203198,0.121849,0.170011,0.115252,0.127314,0.211614,0.177218,0.198,0.14469
19850228,0.015269,-0.011938,0.157706,-0.046546,-0.033299,-0.007312,-0.034647,-0.095275,-0.004363,-0.03217
19850331,0.051292,-0.068788,-0.019186,0.021043,0.081205,-0.043435,-0.025099,-0.02583,-0.062412,-0.04712
19850430,0.14913,-0.001154,0.027205,0.036802,0.038076,0.028718,0.047246,0.007582,0.030509,0.08198
19850531,-0.001822,0.047542,0.081486,0.004371,0.026993,0.058331,0.081271,0.009101,0.098462,0.022663
19850630,-0.017246,0.007588,-0.037703,-0.010893,-0.070023,-0.042266,-0.022485,-0.019697,-0.018325,-0.055796
19850731,-0.051397,0.026005,0.065292,0.067296,0.060044,0.053195,0.006188,0.056491,0.002351,0.063244
19850831,-0.008392,0.077806,0.042944,0.042367,0.041682,-0.003659,0.050554,-0.004675,0.023026,0.015823
19850930,0.005462,0.097194,0.058936,0.038819,-0.00876,0.083838,0.066521,0.066364,0.024812,0.044989
19851031,0.055256,-0.003853,0.323653,0.133494,0.153872,0.054181,0.122082,0.057162,0.020042,0.132803
19851130,0.101044,0.125297,0.039275,0.077498,0.009161,0.094865,0.121165,0.09302,0.006643,0.026233
19851231,-0.043859,-0.012907,-0.05702,-0.003417,0.013798,0.019757,0.038375,-0.000932,-0.038692,-0.025528
19860131,0.169553,0.06282,0.015502,0.003756,0.019491,-0.041262,-0.03199,-0.038616,-0.061637,-0.049484
19860228,0.000174,0.027242,-0.060119,-0.019196,-0.009338,-0.028872,-0.01513,0.011008,0.023403,-0.03798
19860331,-0.029999,0.05803,0.003973,-0.072624,-0.019968,0.017269,0.026747,-0.001335,-0.030343,-0.019568
19860430,-0.085416,-0.029645,-0.047845,-0.020338,0.031748,-0.006837,-0.034847,-0.030752,-0.057377,-0.043519
19860531,0.041411,-0.031854,-0.019774,0.015606,-0.068203,-0.037564,-0.023638,0.035814,-0.019855,0.074394
19860630,-0.03998,0.082886,0.116104,0.054223,0.044719,0.051498,0.06161,0.079968,0.110571,0.064549
19860731,-0.088917,0.05646,0.01772,-0.001701,0.006366,0.019735,0.017261,0.008631,0.040931,-0.080903
19860831,0.036165,0.071826,0.039083,0.004494,0.013892,0.030367,0.024854,0.033394,0.041894,0.109609
19860930,0.012976,-0.023818,-0.002703,0.023375,0.056241,0.044865,0.029903,-0.018662,0.132235,-0.010179
19861031,-0.00913,-0.000924,0.03252,0.014998,0.021086,0.02607,0.029011,0.039072,0.066415,0.013675
19861130,-0.004785,-0.004924,0.052953,0.017134,0.032966,0.014753,0.049288,0.046906,0.01947,0.028092
19861231,-0.048562,-0.031659,-0.066934,-0.030789,-0.045216,-0.045175,-0.053804,-0.052271,-0.075305,-0.052585
19870131,0.161035,0.025126,0.002809,-0.010806,0.037398,0.014228,-0.019896,0.035653,0.024792,0.028541
19870228,0.028147,0.011118,0.06589,-0.008411,0.024219,0.018041,-0.014937,-0.016732,0.028814,0.046813
19870331,0.071935,0.054377,0.07795,0.018575,0.074697,0.019024,0.018187,0.053336,0.043045,0.061585
19870430,0.109788,-0.00952,0.044835,0.011238,0.080611,0.023306,0.029243,0.013564,0.027697,0.072767
19870531,0.268654,0.064519,-0.001119,0.047547,0.000932,0.016701,0.004587,0.021834,-0.005424,0.033126
19870630,0.048747,0.070314,-0.016889,-0.00303,0.079243,0.013135,0.010376,0.038343,-0.009411,0.038864
19870731,0.278474,0.099889,0.036092,0.025777,0.051843,0.019225,0.039181,0.036545,0.083901,0.133216
19870831,0.149436,0.117422,0.138194,0.006131,0.052155,0.097319,0.082009,0.114027,0.117488,0.088378
19870930,0.160922,0.217803,0.062308,0.126707,0.127912,0.087866,0.099458,0.177782,0.091595,0.05577
19871031,-0.086084,-0.09904,-0.173224,-0.145989,-0.037721,-0.146722,-0.213203,-0.194478,-0.25032,-0.279156
19871130,-0.267374,-0.081245,-0.123544,-0.135018,-0.169802,-0.035402,-0.026925,-0.134966,-0.119998,-0.191186
19871231,-0.120356,-0.005076,0.011236,0.016582,0.006065,-0.014486,0.019868,-0.006944,-0.04708,0.001454
19880131,0.187013,0.174804,0.041412,0.091374,0.079234,0.046571,0.180026,0.051835,-0.037907,0.057286
19880229,-0.021881,0.029489,0.00499,0.028428,-0.007579,0.02002,0.071044,0.078056,0.066487,0.072719
19880331,0.067602,0.022633,0.058882,0.07154,0.020426,0.018816,0.044593,0.10554,0.022421,0.112623
19880430,0.136972,-0.044178,-0.027766,0.01929,-0.017944,-0.007773,-0.012827,-0.054416,-0.009295,0.026482
19880531,-0.015201,-0.055934,-0.077267,-0.025155,-0.068676,-0.05284,-0.06043,-0.045731,-0.054817,-0.027846
19880630,-0.01438,0.028829,-0.05028,0.047452,0.00747,0.095094,0.071876,0.022422,0.043661,0.079045
19880731,0.079269,0.01421,0.027957,0.026448,0.022534,0.005225,0.035735,0.045468,-0.003899,0.017313
19880831,0.004173,0.034716,-0.064386,0.081656,-0.037418,-0.056468,-0.062169,-0.05543,-0.042917,-0.074165
19880930,0.121112,-0.003915,0.026658,0.042446,-0.038966,0.022034,0.066352,0.012937,0.018819,0.044017
19881031,0.110513,-0.030698,0.016352,0.007822,-0.015448,0.196441,0.090635,0.077938,0.007396,0.015795
19881130,0.06954,0.0086,0.064807,0.04094,0.025365,0.007531,0.058947,-0.026156,0.014059,0.067395
19881231,0.032314,0.100292,0.101189,0.092659,0.063089,0.098027,0.117838,0.252103,0.104654,0.122864
19890131,0.201865,0.057039,0.132074,0.256251,0.271878,0.225723,0.27837,0.228606,0.149715,0.170726
19890228,0.041192,0.15165,0.032417,0.020838,0.012851,0.0321,0.062103,0.04394,0.089815,0.013757
19890331,0.025848,0.030331,-0.004659,0.093458,0.053298,0.062057,0.01881,0.062784,0.15785,0.120182
19890430,0.091127,-0.008585,0.036694,0.062611,0.002833,0.097206,-0.025705,0.083645,0.183608,0.051047
19890531,0.139045,0.090666,0.05939,0.019,0.076404,0.052257,0.111733,0.10698,0.03733,-0.014553
19890630,0.020784,-0.022942,-0.049131,0.020888,0.011024,-6.7e-05,-0.003198,-0.053773,-0.039667,0.021524
19890731,0.021652,0.044858,-0.00133,0.048117,0.011998,0.059937,0.0801,0.024662,0.051301,0.000616
19890831,0.067124,-0.003739,0.018038,0.026345,-0.002195,-0.004412,0.122508,0.056441,0.045628,0.051807
19890930,0.094712,0.110365,0.069169,0.085935,-0.013201,0.063619,0.051065,0.021287,0.091903,-0.014262
19891031,-0.075875,-0.014449,-0.038316,-0.078064,-0.050958,-0.095875,-0.096674,-0.101361,-0.208317,-0.076837
19891130,0.090655,-0.01537,0.000785,0.127406,-0.01685,0.047369,0.025306,0.051398,-0.048816,0.089065
19891231,0.064015,0.055158,0.018273,0.058765,0.049079,0.172208,0.08753,0.061699,0.157784,0.08857
19900131,0.294582,0.153174,0.021976,0.046018,0.071925,0.016012,0.058085,0.047792,0.078572,0.109796
19900228,0.120686,0.145989,0.205282,0.218682,0.097439,0.067859,0.059586,0.084262,0.062863,0.080612
19900331,0.08716,0.055254,-0.009075,-0.007083,0.034002,0.00024,0.053456,0.034018,-0.018145,0.039136
19900430,-0.034898,-0.012589,0.043153,-0.041767,-0.011118,-0.015681,-0.037555,-0.048399,-0.102576,-0.051195
19900531,0.041038,0.062411,0.042388,0.079105,-0.006606,0.010675,0.024555,0.104314,0.060434,0.107046
19900630,0.048506,0.018647,-0.033793,-0.038553,-0.023959,0.054894,-0.053762,-0.039224,-0.028736,-0.055821
19900731,0.055481,0.095161,0.020991,0.0336,0.026725,0.075895,0.038197,0.053672,0.086497,0.102298
19900831,-0.011381,-0.060176,-0.005365,-0.054139,0.01406,-0.020317,-0.118563,-0.165567,-0.144649,0.000236
19900930,-0.041647,0.0026,-0.048677,-0.046679,-0.057469,-0.077839,-0.112742,-0.143237,-0.147117,-0.054873
19901031,0.033573,-0.049433,-0.044203,-0.059285,-0.081969,-0.008227,-0.069855,-0.016967,-0.026404,-0.073578
19901130,-0.148,0.049816,-0.049028,-0.072737,-0.087505,-0.081065,-0.065611,-0.003976,-0.013823,-0.024926
19901231,-0.033869,0.005979,-0.018363,-0.047641,-0.036776,-0.01953,-0.019567,-0.06412,-0.053403,-0.076772
19910131,0.083851,-0.032804,0.013122,-0.007252,-0.086539,-0.093929,-0.03453,-0.063672,-0.069859,-0.067437
19910228,-0.011125,0.056893,0.131945,0.049913,0.199011,0.080216,0.11158,0.203595,0.096729,0.121092
19910331,-0.048164,0.010177,0.012164,0.064659,0.022895,0.060435,0.073999,0.047378,0.020479,0.035843
19910430,0.020704,-0.046443,-0.037753,-0.042742,-0.017827,-0.057466,-0.074025,-0.028173,0.025171,-0.01056
19910531,0.043106,0.010117,0.032619,0.086093,0.00508,0.032997,0.081149,0.038501,0.025074,0.128684
19910630,-0.025574,-0.081849,0.025278,0.025424,0.054765,-0.046965,-0.019708,0.055336,-0.057304,-0.048972
19910731,-0.01775,0.035113,0.053794,-0.031223,0.016005,0.012662,0.013583,-0.00044,0.00445,0.042176
19910831,-0.002147,-0.011716,0.054557,-0.051137,0.033833,0.058489,0.008629,0.02321,0.002351,0.030613
19910930,0.006954,0.00663,-0.025468,0.084364,-0.016071,-0.068925,-0.078559,-0.039989,-0.04018,-0.052087
19911031,-0.092406,-0.057214,-0.074615,0.024037,-0.107758,-0.038567,-0.026095,-0.022838,-0.117895,-0.038324
19911130,-0.058501,-0.039249,-0.112815,-0.113275,-0.077659,-0.093541,-0.175013,-0.131959,-0.191524,-0.146889
19911231,0.128616,0.027248,0.072372,0.006248,0.0594,0.059187,-0.007261,0.048274,0.200854,0.043998
19920131,0.189341,0.167912,0.022102,0.20091,0.052328,0.177651,0.143018,0.102821,0.048214,0.071467
19920229,0.046684,-0.047437,-0.040253,-0.056629,-0.044804,-0.047603,-0.087818,-0.072249,-0.063962,-0.076103
19920331,-0.075975,-0.031265,0.003,-0.042817,0.082513,0.097922,-0.029496,-0.007565,0.043057,0.069093
19920430,0.109739,0.286364,0.006234,-0.043534,0.008178,0.148728,0.004457,0.085787,0.029493,0.06443
19920531,0.338413,0.046718,0.033836,0.138938,0.017824,-0.013791,-0.001867,-0.016658,0.020738,0.032285
19920630,0.001759,0.008417,-0.085128,-0.099641,-0.041126,-0.04902,-0.091156,-0.105445,-0.105623,-0.118341
19920731,-0.026131,-0.025287,-0.050852,-0.027956,-0.077767,-0.062467,-0.092379,-0.111164,0.017405,-0.041362
19920831,-0.077849,-0.081508,-0.03031,-0.11414,-0.15023,-0.151497,-0.206631,-0.211236,-0.19293,-0.122371
19920930,-0.00675,-0.080782,-0.046976,-0.006699,-0.061581,0.018815,0.050834,0.065479,0.251652,0.030494
19921031,-0.048078,0.019316,0.163807,0.132126,-0.026459,0.027274,0.156677,0.140757,0.0791,0.042632
19921130,-0.159752,-0.087816,-0.055264,-0.030994,-0.017284,0.019591,-0.002329,-0.005327,0.032278,0.061091
19921231,0.195108,0.042926,-0.006934,0.015905,-0.018025,0.185522,0.036361,0.053721,-0.013084,0.041023
19930131,0.180395,0.112499,0.132102,0.268865,0.145252,0.064828,0.047806,0.060433,0.036401,0.023274
19930228,0.088344,0.347652,0.343286,0.192429,0.188036,0.302604,0.14597,0.020433,0.038508,0.022227
19930331,0.14866,0.218174,0.225437,0.105047,0.121855,0.022408,0.175083,0.074342,0.177699,0.090826
19930430,0.272763,0.361981,0.078936,0.301433,0.16075,0.192917,0.130707,0.114555,0.119776,0.034761
19930531,0.189566,-0.029452,0.185474,0.100755,0.075867,0.032801,0.06847,0.018956,-0.024485,-0.001704
19930630,0.107637,0.050148,-0.005018,-0.002709,-0.02066,0.08113,0.078544,0.077416,0.012275,0.013496
19930731,0.185176,0.16639,0.160708,0.124743,0.118542,0.116886,0.102166,0.126069,0.155857,0.07971
19930831,0.075207,0.176848,0.081057,0.108527,0.117711,0.087413,0.077174,0.187622,0.088278,0.059657
19930930,-0.076517,0.001034,-0.069125,-0.089142,0.0119,-0.04202,-0.055378,-0.092196,-0.098335,-0.017181
19931031,0.224492,0.083474,0.093991,0.188185,0.101597,0.083488,0.173814,0.145285,0.171802,0.1209
19931130,-0.016817,0.020381,-0.051715,-0.11819,0.017994,-0.040701,-0.085273,0.070601,-0.016887,-0.060537
19931231,-0.021422,0.004552,-0.006203,0.034297,0.038963,0.068141,0.037294,0.142719,0.086294,0.066654
19940131,0.152247,0.123924,0.192816,0.09468,0.237466,0.082398,0.098594,0.097411,0.155765,0.140723
19940228,0.030894,0.026802,0.031377,0.022134,-0.028707,-0.013131,0.004519,-0.018078,-0.018371,0.01872
19940331,0.028069,-0.009301,0.020084,-0.015116,-0.020865,-0.016599,-0.026988,-0.046555,-0.069337,-0.098324
19940430,0.017299,-0.014743,-0.026683,-0.023777,0.071411,0.011475,-0.017064,-0.023822,0.040304,0.011728
19940531,-0.012706,0.007912,0.009123,-0.009333,-0.004937,-0.031648,0.001136,0.034844,-0.046878,0.006508
19940630,-0.053295,-0.024782,-0.04713,0.024217,-0.024127,-0.060349,-0.035731,-0.060734,-0.032983,-0.062794
19940731,0.016207,-0.000811,0.020328,0.035714,0.076311,0.003084,0.027112,0.087779,0.038588,0.113884
19940831,0.073121,-0.027278,0.005121,0.042956,-0.026506,-0.014315,-0.013836,-0.007158,-0.002765,0.004385
19940930,-0.013251,-0.018337,-0.02335,-0.056353,-0.074575,-0.064271,-0.079794,-0.046046,-0.064019,-0.080198
19941031,0.015653,-0.016532,-0.034118,0.002703,0.050007,0.011458,-0.006978,0.031473,0.021584,0.037025
19941130,-0.018926,0.008868,0.040732,0.080134,9.9e-05,0.027295,0.074744,-0.02059,-0.000744,0.032335
19941231,0.020986,0.04463,0.012156,0.056487,0.015233,0.040883,0.049,0.035418,0.094323,0.0554
19950131,0.146531,0.008106,0.009272,-0.020992,0.03016,0.007778,-0.00528,-0.038953,0.031765,-0.009895
19950228,0.06158,0.036553,0.020127,0.020314,0.021607,-0.00489,0.010536,0.01137,-0.015287,-0.055375
19950331,0.048464,-0.028734,-0.038672,-0.026412,-0.018437,0.032968,-0.020325,-0.034169,-0.058886,-0.050057
19950430,0.100307,0.065384,0.067457,0.047126,0.058501,0.071529,0.081981,0.059525,0.093383,0.097335
19950531,0.065154,0.086974,0.036597,0.067069,0.062768,0.024544,0.041372,0.109224,0.025904,0.013203
19950630,-0.024002,0.166479,0.071949,0.012202,0.02814,0.003513,0.038445,0.062028,0.044379,0.026566
19950731,0.153431,0.04866,0.025239,0.032512,0.057993,0.041477,0.015133,0.033206,-0.007507,0.038309
19950831,0.40667,0.143394,0.016768,0.043789,0.194245,0.025967,0.041463,0.045315,-0.001421,-0.003149
19950930,-0.002246,0.053954,0.046045,0.027725,0.051013,0.100402,-0.007795,0.012012,0.021812,0.008598
19951031,0.037054,0.060001,-0.048167,-0.008947,-0.003521,-0.036948,-0.020244,-0.062253,-0.072498,-0.027656
19951130,0.017666,0.032838,0.058149,0.017827,0.08125,-0.00217,0.04338,0.030893,0.085902,0.0017
19951231,0.078886,0.121166,0.040415,0.00628,0.073522,0.029862,0.005687,0.026976,0.027705,0.013704
19960131,-0.001167,0.100046,0.039224,0.056846,0.085747,0.058863,0.065753,0.056467,-0.002387,0.016531
19960229,-0.003924,0.370902,0.052975,0.077324,0.072659,0.012837,0.02947,-0.005434,0.09633,0.007149
19960331,0.366507,-0.060749,0.002433,0.00127,0.033516,-0.010844,-0.014194,-0.017305,0.015845,0.008858
19960430,0.060978,0.008828,0.009513,0.111454,0.026875,0.030345,0.041411,0.06866,0.101108,0.086928
19960531,-0.000194,0.090887,0.02406,0.01111,0.055999,0.055956,0.019464,0.001226,-0.001109,0.025131
19960630,0.039646,-0.023211,0.008127,0.006706,0.020785,0.015198,-0.00116,0.004015,-0.001949,0.024384
19960731,0.038714,-0.007961,0.014389,-0.001583,-0.002642,-0.017439,-0.012292,0.002869,-0.005732,-0.062727
19960831,0.004188,0.048454,0.065479,0.057702,0.040063,0.054677,0.021063,-0.035393,0.024623,0.049072
19960930,0.094627,-0.031309,-0.008439,0.031891,0.031721,0.021242,0.011552,-0.012436,0.013865,0.032561
19961031,0.068813,0.020353,0.056563,0.09869,0.07028,0.04265,0.01488,0.057153,0.034328,0.017017
19961130,0.045601,0.130221,0.078847,0.10261,0.132938,0.123707,0.12971,0.066235,0.093865,0.075279
19961231,0.066808,0.011504,0.055349,0.065797,0.012001,0.020097,0.036113,0.048854,0.034549,0.050973
19970131,0.146993,0.211847,0.142505,0.142475,0.109071,0.189352,0.12546,0.166568,0.100975,0.08225
19970228,0.061656,0.02358,-0.006047,0.0085,0.043671,-0.004977,0.021416,-0.018087,-0.000306,-0.006548
19970331,0.031996,-0.011338,-0.005043,0.044637,0.021063,0.031171,0.095245,0.00543,0.017498,0.001863
19970430,0.047081,0.029053,-0.038435,-0.058944,-0.002369,-0.011489,-0.049267,0.014857,0.01501,0.046423
19970531,0.113343,0.080764,0.080842,-0.00675,0.049006,0.09736,0.070204,0.044982,0.058155,0.061878
19970630,0.029754,-0.027295,0.00295,0.038756,0.027678,0.034566,0.036423,0.043443,0.02915,0.056181
19970731,0.073833,0.104639,0.090674,0.105819,0.097502,0.12768,0.093957,0.105275,0.077595,0.080466
19970831,0.020734,-0.033186,0.034324,-0.025665,0.061255,0.004492,-0.019826,0.058617,-0.011457,0.009803
19970930,-0.016961,0.070764,0.049477,0.090863,0.054752,0.08149,0.017531,0.069307,0.045884,0.037847
19971031,-0.006072,-0.02017,-0.01064,0.088229,0.063159,-0.004125,0.004331,0.072514,-0.026068,-0.002589
19971130,0.091482,-0.009786,-0.047245,-0.053516,0.005179,-0.053831,-0.028428,-0.048644,-0.04597,-0.050074
19971231,0.011186,0.001356,-0.025775,-0.009252,0.040837,0.036512,-0.002895,0.026173,0.001921,0.007556
19980131,-0.005574,-0.012732,-0.025226,0.00899,-0.004606,-0.035933,0.012075,-0.071469,-0.023679,-0.024426
19980228,0.024105,0.025084,0.045883,0.023734,0.032756,0.021324,0.006247,0.039313,0.015257,0.030798
19980331,0.078379,0.011697,0.102843,0.085114,0.052785,0.052039,0.115216,0.064907,0.097056,0.129031
19980430,0.033936,0.068139,0.051214,0.091743,0.113659,0.077715,0.018084,0.062184,0.059077,0.018183
19980531,-0.022286,-0.00399,0.011343,0.012725,-0.010259,-0.054343,-0.015681,0.013631,-0.073399,-0.056471
19980630,-0.014504,-0.027682,-0.064505,-0.038989,-0.042318,-0.054565,-0.026286,-0.11361,-0.016861,0.000994
19980731,0.004666,0.02657,0.011381,-0.028407,0.019734,-0.020699,-0.0021,-0.004475,0.06755,-0.033913
19980831,-0.111215,-0.120802,-0.172659,-0.172547,-0.143708,-0.156897,-0.234104,-0.184283,-0.184223,-0.221251
19980930,-0.03794,-0.079123,0.095769,-0.098149,-0.071097,-0.066832,-0.063646,-0.087043,-0.131962,-0.048059
19981031,0.05483,-0.026448,-0.044414,0.012945,0.018226,0.014897,0.097296,0.133669,0.136083,0.141348
19981130,0.00761,0.067186,0.044547,-0.009052,-0.018435,0.049642,0.09491,0.012602,-0.027781,-0.058226
19981231,-0.001601,-0.066635,-0.068092,-0.090645,-0.074078,-0.069924,-0.0715,-0.02997,0.05409,0.008921
19990131,0.037392,0.129493,0.160899,0.156861,0.174428,0.241998,0.201962,0.12548,0.101985,0.081527
19990228,0.020463,-0.024929,0.032919,0.031756,0.056948,-0.01587,-0.036857,-0.017428,-0.067951,-0.034599
19990331,0.061153,0.077461,0.046488,0.13836,0.079475,0.063848,0.095433,0.054869,0.072586,0.112347
19990430,0.070313,0.100821,0.081903,0.06555,0.127958,0.143085,0.094839,0.164286,0.138513,0.057876
19990531,-0.022727,0.064221,0.06618,0.151358,0.181095,0.009089,0.028587,0.553846,0.017856,-0.014586
19990630,0.058925,0.059747,0.03096,0.162086,0.014387,-0.01285,0.030134,0.011848,0.040819,0.000529
19990731,-0.005557,0.023947,0.037119,0.026649,0.010134,0.053206,0.029402,0.064739,0.011994,0.032016
19990831,8.8e-05,0.052539,0.006776,0.047353,0.048745,0.082338,0.018653,0.021087,0.015372,0.035381
19990930,0.026366,-0.021596,0.000621,0.029654,0.034136,-0.0343,-0.0236,-0.049111,-0.05426,-0.003469
19991031,0.007361,-0.031464,-0.016272,0.016618,-0.017521,0.07731,-0.021965,-0.015043,-0.053979,0.022329
19991130,0.111397,0.04301,0.143139,0.126907,0.155124,0.073331,0.055953,0.108539,0.037564,0.058585
19991231,0.009974,0.081615,0.333938,0.146608,0.185883,0.075309,0.148395,0.062742,0.184496,0.049369
20000131,0.075678,0.078579,0.024268,0.020731,0.098885,0.072501,0.106643,0.000122,0.036164,-0.014005
20000229,0.092786,0.356878,0.211735,0.154766,0.358758,0.108609,0.104047,0.052452,0.182186,0.029776
20000331,0.042556,0.110391,0.00584,-0.011516,-0.074776,0.005713,0.005828,0.097644,0.0453,-0.015396
20000430,-0.019862,-0.042482,0.009703,-0.01004,0.001331,-0.023096,-0.003371,0.00262,-0.093912,-0.024861
20000531,-0.006414,0.038043,0.057671,0.045495,0.047067,0.002542,0.025615,0.091842,0.064027,0.058016
20000630,-0.014219,-0.048714,0.040898,0.111021,-0.0308,0.041843,0.028951,0.04269,0.037095,0.039078
20000731,0.035797,0.005961,0.003093,0.022973,0.125438,0.077524,0.175336,0.051289,0.031513,0.027053
20000831,0.00414,0.209094,0.082213,-0.005245,0.136377,0.274226,0.041941,0.106001,0.082308,0.135983
20000930,-0.006433,-0.054241,-0.019632,0.012731,-0.020914,-0.036662,-0.021708,-0.01209,-0.01659,-0.002505
20001031,-0.034261,-0.035291,-0.016962,-0.019513,0.01362,0.016889,-0.027517,0.000966,-0.037605,0.004962
20001130,-0.02538,-0.032235,-0.03404,-0.072238,-0.067389,-0.068706,-0.095728,-0.052287,-0.11313,-0.05845
20001231,0.060047,-0.066154,-0.01538,-0.042138,0.062108,-0.073491,0.074313,-0.064061,-0.006339,0.037588
20010131,0.011927,0.029561,0.009999,0.148124,0.150264,0.12322,0.006985,0.08237,0.195156,0.035224
20010228,0.010295,0.052124,0.037472,-0.017433,-0.033429,0.062709,0.07104,0.043225,-0.049183,0.011095
20010331,0.001967,-0.014175,-0.00145,-0.098751,-0.074516,-0.006954,-0.060149,-0.064029,-0.05049,-0.070651
20010430,0.004709,0.067816,0.016125,0.115749,0.027713,0.045896,0.040286,0.055272,0.075513,0.070177
20010531,0.002933,0.081368,0.044283,0.068586,0.01925,0.059374,0.025574,0.00569,0.014508,0.030343
20010630,0.004678,-0.022613,-0.001778,-0.09253,-0.036233,-0.062176,-0.056408,-0.030662,-0.06253,-0.034452
20010731,0.010918,0.028025,0.016713,-0.005172,-0.001551,0.016645,-0.015682,-0.031333,-0.011832,0.000112
20010831,0.005193,0.01969,-0.007836,-0.074436,-0.012028,-0.09462,0.005347,-0.016616,-0.093363,-0.032577
20010930,-0.041774,-0.05236,-0.102453,-0.090113,-0.098082,-0.141244,-0.052925,-0.076457,-0.068166,-0.136125
20011031,0.029734,0.05527,-0.011284,0.053247,0.04628,0.072122,-0.003291,0.03102,0.128302,0.023451
20011130,0.018354,0.194241,0.065189,0.152953,0.078414,0.054261,0.011662,0.041584,0.048654,0.094346
20011231,-0.019812,-0.023069,0.011586,-0.033946,0.076066,0.069858,0.002929,0.020142,0.097569,0.051481
20020131,0.074538,0.087861,0.059083,0.055416,0.031809,0.06994,0.057749,0.0207,0.006428,-0.017328
20020228,0.016984,0.073015,0.028587,-0.014595,0.02991,0.018222,-0.020848,0.040904,0.029753,0.040046
20020331,0.059363,0.050008,0.065631,0.068384,0.05956,0.067681,0.055633,0.072,0.066681,0.083515
20020430,0.008787,0.043855,0.006404,-0.001281,-0.035027,-0.017359,0.051286,-0.01718,-0.066467,-0.036883
20020531,0.026729,0.053053,0.007688,-0.02098,0.001879,-0.031275,-0.014765,-0.014188,-0.001456,-0.024499
20020630,-0.004092,0.009617,-0.056139,0.038033,-0.032594,-0.079258,-0.064092,-0.086291,-0.122757,-0.074699
20020731,-0.027604,0.042733,-0.020538,-0.060537,-0.030261,-0.029197,-0.001762,-0.04014,-0.031485,-0.056112
20020831,0.046991,0.002636,-0.00824,0.071553,-0.095296,-0.043168,-0.061944,-0.041984,-0.07562,-0.004048
20020930,-0.067603,-0.084882,-0.099927,-0.11453,-0.105286,-0.158466,-0.129642,-0.12906,-0.141351,-0.12765
20021031,-0.005948,0.049222,0.0751,0.027105,0.14656,0.139331,0.062283,0.004286,0.139933,0.053899
20021130,0.039187,0.031775,-0.004803,0.041012,-0.014965,0.053798,0.037171,0.097668,0.017889,0.057495
20021231,-0.009478,-0.077453,-0.047249,-0.039371,-0.041167,-0.027488,-0.021511,0.002364,-0.0115,-0.028767
20030131,0.070584,0.089515,0.033102,-0.019125,0.105288,-0.001593,-0.005695,0.007325,0.072385,-0.065158
20030228,-0.007004,0.013076,-0.037383,-0.032541,-0.049425,0.022284,-0.022962,-0.031784,-0.023456,-0.052314
20030331,-0.004039,-0.001159,0.098694,0.00954,-0.019465,-0.006047,-0.008631,-0.003801,0.01824,0.027377
20030430,0.026318,0.078488,0.02573,0.063366,0.240731,0.051439,0.122862,0.120395,0.119592,0.107853
20030531,0.025092,-0.032992,0.100456,0.068489,0.115387,0.046096,0.086831,0.088187,0.102592,0.068024
20030630,0.038948,0.08935,0.044463,0.091543,0.201972,0.048071,0.072347,0.17113,0.106057,0.076378
20030731,0.076626,0.108839,0.048661,0.105527,0.062114,0.040846,0.060791,0.083874,0.068292,0.07684
20030831,0.051392,0.04939,0.084849,0.130898,0.014321,0.077215,0.050402,0.036023,0.077958,0.051001
20030930,0.013312,0.065891,-0.023199,0.019094,-0.011161,-0.006908,-0.020711,-0.058707,-0.031206,-0.060646
20031031,0.023413,0.050324,0.139767,0.098358,0.101714,0.072054,0.084235,0.09233,0.099669,0.149733
20031130,0.018423,0.071652,-0.005601,-0.018801,0.077373,0.0353,0.018613,0.050693,0.001514,0.012912
20031231,0.009763,0.156965,0.049394,0.0921,0.113673,0.028054,0.076792,0.128825,0.092649,0.063228
20040131,0.108564,0.207186,0.184845,0.119335,0.095354,0.120562,0.18509,0.120502,0.154873,0.079936
20040229,0.12605,0.092801,0.060822,0.070051,0.051742,0.127709,0.132191,0.044099,0.080062,0.088616
20040331,0.043154,0.002169,-0.05946,-0.01947,-0.058567,-0.037431,-0.062597,-0.036319,-0.0755,-0.02085
20040430,-0.042011,0.000761,0.046081,-0.019419,-0.026949,-0.044162,-0.063961,-0.00247,-0.044892,-0.021085
20040531,0.007674,0.009047,-0.033908,0.042035,0.002163,-0.000198,-0.001215,0.004423,0.00881,0.032007
20040630,0.00623,-0.005845,0.032391,0.058005,0.015408,0.116069,0.113379,0.080332,0.080266,0.063656
20040731,0.04295,0.009122,-0.007856,0.025809,0.004235,0.04395,-0.013073,0.013813,-0.038969,-0.004843
20040831,0.020125,0.001615,0.017179,0.041785,0.000587,0.040891,0.070215,0.041753,0.012418,0.009516
20040930,-0.002652,0.028309,0.020215,0.063681,0.063947,0.072572,0.075302,0.064841,0.09739,0.083091
20041031,0.006278,-0.051094,-0.019592,0.028387,-0.022388,-0.0096,-0.017427,-0.019157,-0.037364,-0.025033
20041130,0.059019,0.185472,0.114807,0.106433,0.086957,0.094506,0.1305,0.169997,0.120517,0.072068
20041231,0.049025,0.03362,0.06143,0.091346,0.061006,0.05489,0.081487,0.066766,0.046965,2.7e-05
20050131,0.059239,0.02581,0.064343,0.04794,0.058365,0.141437,0.077725,0.08181,0.068853,0.023645
20050228,0.014475,0.134105,0.035261,0.067361,0.044295,0.118242,0.098977,0.058495,0.039139,0.095628
20050331,-0.014291,0.040412,0.010287,0.025914,0.00318,0.036674,0.043401,0.018132,0.001234,-0.023808
20050430,-0.010792,-0.021483,-0.047586,0.010885,-0.068087,0.049594,-0.042592,-0.023533,-0.058719,-0.032147
20050531,0.072908,0.059676,0.027101,0.027609,0.054402,0.123154,0.085966,0.072679,0.085627,0.054855
20050630,0.033951,0.060123,0.148259,0.331214,0.141518,0.157072,0.132651,0.074694,0.089906,0.11747
20050731,0.125517,0.038408,0.048648,0.017637,0.092855,0.071246,0.148377,0.153061,0.16168,0.038958
20050831,0.029512,0.116753,0.007314,0.155177,0.067319,0.227948,0.130711,0.066169,0.086305,0.057865
20050930,0.023435,0.115005,0.053519,-0.030514,0.085857,0.01263,0.028006,0.070572,0.079276,0.041094
20051031,0.064596,-0.008498,-0.03078,-0.088168,-0.093923,-0.102578,-0.080311,-0.093938,-0.118777,-0.068333
20051130,0.18322,0.073744,0.031061,-0.023377,0.316858,0.041847,0.06313,0.047594,0.07948,0.034333
20051231,0.032735,0.087603,0.074845,0.166776,0.170863,0.28467,0.129349,0.103408,0.14933,0.037667
20060131,0.059495,0.120913,0.09147,0.011523,0.011802,0.033279,0.029397,0.068476,0.036334,0.106638
20060228,0.006714,0.02485,0.168655,0.068647,0.03313,0.0286,0.042415,0.102585,0.029121,0.016212
20060331,0.132555,0.071074,0.065806,0.054068,0.019162,0.070635,0.142653,0.098795,0.063315,0.083989
20060430,0.016251,0.038525,0.044811,0.002628,0.042541,0.012023,0.012083,0.030907,0.028531,0.038181
20060531,-0.029593,0.068379,-0.058807,0.033653,-0.034469,-0.050437,-0.049738,-0.066222,-0.043655,-0.069392
20060630,0.018762,-0.00355,0.009271,-0.002069,0.0121,-0.029807,0.003971,-0.019734,0.014839,-0.00826
20060731,-0.016347,-0.028607,0.001016,-0.007617,-0.00612,-0.027796,-0.021721,0.012304,-0.017542,0.030024
20060831,0.006059,0.082818,0.004119,0.046862,0.039858,0.066155,-0.001163,0.036284,0.051832,-0.010995
20060930,-0.011935,0.036989,0.012121,0.047145,-0.007014,-0.000981,-0.011608,0.015019,-0.03546,-0.025876
20061031,0.03998,0.022716,0.031666,0.09888,0.06157,0.054915,0.046458,0.086883,0.077958,0.090268
20061130,0.045923,0.121732,0.011474,0.074491,0.042496,-0.002859,0.016329,0.050639,0.004636,0.025319
20061231,-0.001142,0.057928,0.046272,0.061416,0.071553,0.071386,0.055438,0.084081,0.033305,0.074636
20070131,0.085443,0.028079,0.044738,0.015005,0.026703,0.004508,0.028066,0.046185,0.004887,0.053452
20070228,-0.01786,0.010206,-0.006396,-0.009236,-0.007905,0.009258,0.001234,0.035225,-0.00109,-0.059441
20070331,0.012749,0.010918,0.010282,0.064588,0.03909,0.04711,0.046209,0.066607,0.053552,0.048215
20070430,-0.009637,0.03882,0.045487,0.054102,0.040131,0.06755,0.039702,0.02144,0.018198,0.046122
20070531,0.002224,0.03434,0.022237,0.033799,0.057986,0.083963,0.017346,0.061781,0.035631,0.042234
20070630,0.002333,0.009594,-0.013643,0.025734,0.066045,0.044908,0.033703,0.012966,-0.006288,0.052317
20070731,0.029233,0.129166,-0.020813,-0.01917,-0.020629,0.050437,0.0348,-0.025671,-0.018218,-0.025252
20070831,-0.029663,-0.031593,-0.051494,-0.035488,-0.034248,-0.028006,0.002148,0.010117,-0.044552,-0.039988
20070930,-0.095423,-0.040395,0.017851,-0.008608,-0.003722,0.0281,0.021923,-0.002519,-0.014922,0.065259
20071031,0.08511,0.012682,-0.0089,0.003063,0.077902,0.095728,0.02235,0.092094,0.022104,0.046142
20071130,-0.097711,-0.03416,-0.05259,-0.091039,-0.006347,-0.066866,-0.054706,-0.027254,-0.048044,-0.021602
20071231,0.026229,-0.027528,0.009062,0.0121,-3.1e-05,0.020355,0.00424,0.09208,-0.034551,-0.005483
20080131,-0.02068,-0.07868,-0.03143,-0.085604,-0.125149,-0.133576,-0.090139,-0.141016,-0.162671,-0.193189
20080229,0.062073,0.045924,-0.015489,-0.00857,0.064839,0.049894,0.034201,0.069093,0.088747,0.091017
20080331,-0.028362,-0.017016,-0.000762,0.001911,-0.020113,-0.008772,-0.027956,0.000449,-0.06853,-0.032141
20080430,0.027755,0.016763,0.079394,0.05307,0.033709,0.034544,0.037185,0.070658,0.100484,0.139618
20080531,-0.011926,0.007668,0.064582,0.042755,0.079616,-0.007913,0.037756,0.044822,0.091387,0.067451
20080630,-0.023651,-0.049867,0.019341,-0.052418,-0.012906,-0.07559,-0.050659,-0.024349,-0.07165,-0.060607
20080731,-0.021333,-0.000825,-0.00721,-0.030619,0.030245,-0.004218,0.025881,-0.016664,-0.044944,-0.071881
20080831,0.044409,-0.011897,-0.019177,-0.011246,-0.021572,-0.013413,-0.006871,0.027407,0.033707,0.008592
20080930,-0.055416,-0.095827,-0.056615,-0.126995,-0.14603,-0.158364,-0.18558,-0.167358,-0.240533,-0.225056
20081031,-0.040157,-0.086617,-0.151614,-0.084247,-0.123261,-0.058161,-0.11201,-0.145118,-0.138105,-0.176857
20081130,0.016049,0.017665,-0.000856,-0.019135,-0.066532,-0.070704,-0.010838,-0.020512,-0.069846,-0.101306
20081231,-0.022505,-0.063938,-0.1055,-0.072009,0.155807,-0.022073,0.017244,-0.012315,0.029701,0.068884
20090131,0.013288,0.004701,0.019376,0.008682,0.084181,0.224532,0.023387,-0.013583,-0.019797,0.006046
20090228,0.048503,-0.036636,-0.025651,-0.080795,-0.059147,-0.059307,-0.003696,-0.0397,0.011506,-0.059146
20090331,-0.042876,-0.081174,0.07415,0.039842,-0.048273,0.089433,0.065309,0.080174,0.001794,0.058881
20090430,0.046927,0.257025,0.054979,0.071061,0.077557,0.162699,0.181626,0.081076,0.149825,0.127412
20090531,0.054175,0.186704,0.132732,0.046108,0.068756,0.09855,0.150674,0.152559,0.119716,0.139253
20090630,0.033282,0.058579,0.05068,0.075509,0.100093,0.160571,0.073347,0.02765,0.038452,-0.053607
20090731,0.017163,0.083329,0.039061,0.047833,0.010628,-0.006464,-0.013252,0.068399,0.088501,0.054101
20090831,0.007887,0.016237,0.039531,0.036663,0.063255,-0.004757,0.030886,0.085834,-0.004767,0.015565
20090930,0.010381,0.064399,0.056053,0.146834,0.267738,0.060434,0.051084,0.053597,0.092352,0.082176
20091031,0.040477,0.120815,0.121963,0.05594,0.127514,0.030596,0.030562,0.025725,0.050225,0.022677
20091130,-0.027058,-0.024458,0.015614,0.008897,-0.016382,-0.009765,0.035972,0.048912,0.062582,0.058308
20091231,0.027148,-0.020104,0.043127,0.095759,0.01637,0.077519,0.015685,0.047801,0.080175,0.063963
20100131,0.220498,0.075939,0.004357,0.004677,0.021741,0.012162,0.014398,0.052388,0.061604,-0.041329
20100228,0.079776,0.011756,0.03425,0.034313,0.069332,0.041691,-0.041802,0.038594,-0.024427,-0.03066
20100331,0.095679,0.001735,0.000603,0.017948,0.049398,0.089183,0.079867,0.021352,0.086003,0.081416
20100430,0.14609,-0.00036,0.112169,0.034218,0.057789,0.10579,0.007731,0.026446,0.038245,0.022489
20100531,-0.06163,-0.041268,-0.007627,-0.078142,-0.075045,-0.047129,-0.091609,-0.052592,-0.102757,-0.087738
20100630,0.085449,-0.06296,-0.045086,0.039632,-0.041265,-0.021916,-0.053381,-0.072461,-0.093857,-0.028444
20100731,0.06458,0.037047,0.02212,0.025588,0.028766,0.068449,0.046827,0.068035,0.039763,0.098524
20100831,-0.011772,0.044711,-0.025428,-0.021809,0.021786,-0.004652,0.004302,0.005278,-0.006775,-0.021034
20100930,-0.041887,-0.024404,0.058253,0.024132,0.013796,0.062044,0.069914,0.057098,0.061364,0.085731
20101031,-0.019792,0.068852,0.039631,0.01771,0.059327,0.066907,0.04147,0.077666,0.076644,0.059596
20101130,0.040353,-0.004895,0.002982,0.056407,-0.042534,0.040985,0.020669,0.06026,0.038308,-0.025533
20101231,0.047109,0.017754,0.099371,0.052135,0.048646,0.063528,0.098076,0.138861,0.127067,0.108358
20110131,0.072263,0.002799,0.016117,0.027163,0.048929,0.095901,-0.01262,-0.017844,-0.015183,-0.019232
20110228,0.010147,0.004435,0.055204,0.037116,0.04597,-0.00277,0.037718,0.018418,0.024194,0.047766
20110331,0.021684,0.040629,0.121,0.017858,-0.011572,0.0183,0.079121,0.002481,0.019454,-0.004639
20110430,0.012515,0.026765,0.001097,-0.005826,0.022526,0.048203,0.042325,-0.006023,-0.015656,0.013939
20110531,-0.022954,-0.031803,0.062144,-0.020159,-0.027506,-0.008991,-0.015554,-0.022186,-0.022043,-0.006141
20110630,-0.017142,-0.008384,-0.053154,-0.053945,-0.029784,-0.00541,0.031245,-0.033131,-0.041973,-0.041875
20110731,0.00915,-0.028118,0.013598,-0.003317,0.059395,-0.023675,0.045183,-0.019007,-0.018023,-0.007508
20110831,-0.029969,-0.058804,-0.035391,-0.05834,-0.039072,0.126778,-0.098955,-0.089024,-0.105257,-0.077742
20110930,-0.020718,-0.022768,-0.025414,-0.05467,-0.004085,-0.05789,-0.057526,-0.119474,-0.108669,-0.055784
20111031,-0.003293,0.02381,0.020746,0.127178,0.016773,0.209251,0.103593,0.068619,0.119846,0.109889
20111130,-0.037138,-0.022719,-0.038901,-0.066199,0.007861,0.025555,-0.002927,-0.034821,-0.004918,0.001357
20111231,-0.065447,-0.036584,0.019524,-0.025789,-0.022408,-0.004719,0.021672,0.002374,0.017337,0.012489
20120131,0.064144,0.028184,0.044981,0.085537,0.033579,0.165022,0.056483,0.072446,0.051701,0.017331
20120229,0.091483,0.012153,0.023303,0.075881,0.057789,0.046029,0.077533,0.05947,0.02304,0.090951
20120331,0.041435,-0.016462,-0.041609,0.017537,0.05697,0.104027,-0.009524,0.006775,-0.027235,-0.007853
20120430,-0.040639,-0.013804,0.007038,-0.008143,0.040643,-0.041196,-0.018684,-0.01932,0.081383,-0.014551
20120531,-0.052332,-0.024086,-0.003238,-0.015044,-0.01507,-0.047756,-0.033393,-0.027044,-0.071199,-0.087134
20120630,0.027257,0.009674,0.132476,-0.050388,0.001792,-0.005017,0.022795,0.059787,0.044145,0.06034
20120731,0.036379,0.009741,0.01622,-0.006543,-0.018817,-0.017014,-0.007069,0.006753,0.02171,0.045866
20120831,-0.011641,0.001807,-0.007839,0.000881,-0.010628,-0.019741,0.098278,0.030374,0.049588,0.030289
20120930,0.013515,0.034944,0.037158,0.054498,0.020275,0.022679,0.010626,-0.000773,0.02367,0.024231
20121031,-0.008175,0.027381,-0.004371,0.010607,-0.014721,-0.004938,-0.010477,0.002331,0.011183,-0.005857
20121130,-0.019326,-0.015697,0.004758,-0.020676,0.017252,0.077067,0.021825,0.019032,-0.013949,0.002352
20121231,-0.007566,0.00854,0.086808,0.013551,0.05036,0.052573,0.045066,0.062594,0.020863,-0.003075
20130131,0.09751,0.058795,0.061998,0.070619,0.03287,0.077931,0.061131,0.098738,0.057443,0.051645
20130228,0.039665,0.050272,0.021598,0.052465,0.045059,0.107834,0.039401,0.092473,0.024477,0.007617
20130331,0.001828,0.038778,0.035167,0.018953,0.037077,0.038514,-0.017481,-0.03476,-0.005757,0.002555
20130430,0.040124,0.025203,-0.016902,-0.003718,-0.018751,-0.000645,0.010124,0.065416,-0.002364,0.024568
20130531,0.023386,0.057761,-0.025204,0.048633,0.000953,0.071471,0.037275,0.040911,0.069748,0.016269
20130630,0.009521,0.193335,0.007107,0.034,-0.025409,0.00229,-5.9e-05,-0.004008,-0.021574,-0.045688
20130731,0.065987,0.006882,0.015223,0.034158,0.095229,0.021522,0.022463,0.01407,0.049705,0.061579
20130831,0.025263,-0.024601,0.049828,0.019323,-0.004035,0.043159,0.046321,-0.011057,-0.000944,0.012835
20130930,0.034534,0.001325,0.057373,0.057707,0.006357,0.027254,0.049522,0.031907,0.007693,0.012007
20131031,0.020193,0.041338,0.062282,0.057195,0.041681,0.044242,0.033481,0.047284,0.052798,0.063727
20131130,0.069975,0.058187,0.007468,0.030958,0.105707,0.025083,0.03934,0.099361,0.006128,0.014173
20131231,0.015639,0.177922,0.008654,0.018562,0.062045,0.008772,0.01321,-0.017408,0.004858,0.014376
20140131,0.112479,-0.00036,0.044195,0.011927,0.046942,0.042071,-0.002385,0.009098,-0.012368,-0.023851
20140228,0.033687,0.022265,-0.027821,-0.023285,0.05508,0.026756,0.036027,0.039256,0.01482,0.033467
20140331,0.014632,-0.006741,0.053783,0.033866,0.011297,-0.007433,0.050582,0.021934,0.018426,0.013841
20140430,-0.019038,0.021073,-0.012879,0.00488,0.046372,-0.005072,0.014433,0.002021,0.023201,0.033477
20140531,7.7e-05,0.037326,0.05435,0.018123,0.072764,0.057804,0.068409,0.037765,0.018688,0.05274
20140630,0.013436,0.02354,-0.02588,0.012612,0.016769,0.012442,0.001781,0.033579,0.026294,0.025617
20140731,0.007022,0.054998,0.030931,0.009893,0.040697,-0.019074,0.016442,0.044903,-0.035097,-0.002748
20140831,0.023668,-0.020318,-0.026322,-0.031098,-0.006624,0.031141,0.003427,-0.029132,0.000796,-0.000268
20140930,0.010459,0.00062,-0.026692,0.023973,0.007162,0.016648,-0.032833,-0.019057,-0.001405,0.006316
20141031,0.05365,0.037185,0.022008,-0.018806,-0.038037,0.019135,-0.02783,-0.016153,-0.062235,-0.030489
20141130,0.009894,0.02549,-0.031233,-0.0256,0.036384,0.002498,-0.039328,-0.008529,-0.0376,-0.031465
20141231,-0.040119,-0.012958,0.065534,-0.047529,-0.006353,0.04622,0.033974,0.056099,0.060022,0.025513
20150131,0.038009,0.006861,0.036455,0.00644,-0.039669,-0.034729,-0.012575,0.013728,0.018947,0.040868
20150228,0.021502,0.023392,0.073057,0.124193,0.083513,0.080554,0.086473,0.033543,0.065076,0.041476
20150331,-0.044422,0.091328,0.012472,0.0624,-0.025679,0.021661,0.041982,-0.001219,0.003928,0.0182
20150430,0.079922,-0.011827,0.011342,0.016669,0.0791,0.074329,0.068887,0.135567,0.026632,0.027571
20150531,0.163031,0.008733,0.03848,0.019153,0.034053,0.01318,0.050458,0.026834,-0.004124,0.018619
20150630,0.030103,-0.023096,-0.038095,-0.021005,-0.053236,0.001912,0.006939,-0.030838,-0.011197,-0.02047
20150731,0.012845,0.011223,0.047234,0.012834,0.085652,-0.006892,-0.006094,0.020282,0.002314,0.035962
20150831,0.00237,0.005774,-0.003296,-0.031432,-0.064422,-0.064142,0.046388,-0.00193,-0.058112,-0.06819
20150930,0.082358,0.013129,0.032445,0.014155,0.011443,0.000517,-0.001032,-0.002804,-0.026744,-0.018133
20151031,0.061616,0.024888,0.402743,0.019378,0.003762,-0.002823,0.019858,0.044381,0.062374,0.064313
20151130,0.042064,-0.003097,0.01623,0.036752,0.010819,0.084231,0.080058,0.012733,0.017255,0.017179
20151231,0.17815,0.010926,0.048982,-0.011557,-0.018895,0.048734,0.026459,0.014387,0.008897,-0.015449
20160131,0.144369,-0.002163,-0.04401,-0.019784,-0.035083,-0.054441,-0.063557,-0.093356,-0.075193,-0.081787
20160229,0.027715,0.02311,0.016803,0.02625,-0.014197,0.036574,0.030731,0.072759,0.04403,0.014246
20160331,0.037625,0.096254,0.043347,0.005178,0.060372,0.05738,0.040675,0.057682,0.064496,0.004125
20160430,-0.001886,0.06843,0.04027,0.035408,0.077057,0.009034,0.045727,0.067431,0.072779,0.047768
20160531,0.012455,-0.067153,0.010994,0.053826,0.002963,0.059566,0.017611,0.016065,0.013161,0.026616
20160630,0.016559,0.105073,-0.01342,0.018423,-0.039555,0.016994,-0.066431,0.037766,0.015259,-0.011256
20160731,0.008854,0.032267,0.026736,0.031415,-0.019086,0.056167,0.05745,0.018864,0.082233,0.007043
20160831,0.039782,0.089248,0.076898,0.001329,0.043542,-0.00704,0.030227,-0.003695,0.004025,0.015346
20160930,0.07481,0.146614,0.159583,0.013094,0.022345,0.061955,0.026609,0.047096,0.023584,0.003199
20161031,0.058042,0.041616,0.060288,0.034477,0.063452,0.104259,0.020283,0.049644,0.027037,0.034163
20161130,0.034319,0.061072,0.384899,0.049414,0.001184,0.043112,0.031145,0.049777,0.036294,0.034893
20161231,0.435328,0.017752,-0.028153,0.032197,0.190631,0.037747,0.029925,0.087662,0.039922,0.045591
20170131,0.248075,0.084318,0.091457,0.111576,0.019526,-0.004509,0.055232,-0.008745,-0.00812,0.017674
20170228,0.046523,0.082325,-0.016444,0.006702,-0.012126,0.019744,0.010731,0.018412,0.030424,-0.005385
20170331,-0.052966,0.01283,-0.010733,0.000702,-0.006062,0.009404,0.000556,-0.002491,-0.05659,0.002064
20170430,8.1e-05,0.024974,0.053065,0.007359,0.016818,0.040791,0.022367,0.027531,0.053998,0.010078
20170531,-0.04546,0.049983,0.019855,0.069788,-0.020904,-0.011469,0.03394,-0.046478,0.030607,0.028599
20170630,0.0458,-0.01081,0.046258,-0.003936,0.042822,0.040163,-0.020316,0.000154,0.003493,-0.017599
20170731,0.012333,0.024695,0.008785,0.014389,0.012798,0.073451,0.059245,0.008506,0.018468,0.06519
20170831,0.030116,0.02295,-0.002673,-0.001515,-0.013569,0.079625,-0.006575,0.014127,0.046421,0.008603
20170930,-0.004791,0.013714,0.014592,0.044388,-0.01507,0.105883,0.018997,0.080798,0.013583,0.06885
20171031,-0.011216,0.024489,-0.005526,-0.011562,0.048086,0.015587,-0.022005,-0.013948,0.019642,0.048179
20171130,-0.010154,0.004122,-0.014198,-0.019282,-0.038934,0.008599,0.03961,-0.045036,-0.035906,0.000122
20171231,0.287946,-0.000787,0.003388,0.085129,0.047816,0.027151,0.053643,0.035894,0.038781,0.018044
20180131,0.050136,-0.000256,0.111237,-0.002694,-0.011372,-0.024645,0.064879,0.000894,-0.019914,0.005099
20180228,0.019646,0.047954,0.063785,0.01412,0.019941,-0.04425,0.033354,0.008357,0.066738,0.009202
20180331,-0.024036,-0.009146,-0.045345,-0.017184,0.005483,-0.072817,-0.0176,-0.065662,0.030876,-0.013332
20180430,0.012789,0.050402,0.034387,0.054402,0.01151,0.085456,0.202308,0.039016,0.090169,0.074647
20180531,0.043754,0.088977,0.086534,0.055227,0.018704,0.116334,0.032038,0.021895,0.037549,0.019777
20180630,0.069562,0.00905,-0.053182,0.016512,0.016899,0.009751,-0.021066,-0.00579,0.008279,0.014567
20180731,0.001862,0.035814,-0.016112,0.034476,0.032393,-0.010284,0.014913,-8e-05,0.039296,0.016731
20180831,-0.015953,0.145001,0.020267,0.008346,0.014857,-0.025722,0.04689,0.014374,0.006783,0.016497
20180930,0.01639,0.026294,0.14174,0.005232,0.001837,0.026613,-0.003074,0.026812,0.036151,0.04471
20181031,-0.006666,-0.07849,-0.095981,-0.015513,-0.028353,-0.039978,-0.047041,-0.031355,-0.041644,-0.045421
20181130,-0.008107,-0.081223,-0.099989,-0.030238,-0.024014,0.045142,-0.075867,0.00587,-0.021513,-0.027904
20181231,-0.048865,-0.035903,-0.142878,-0.053123,-0.003016,-0.070876,-0.130118,-0.072255,-0.084212,-0.057008
20190131,0.102167,0.057546,0.047846,0.008555,0.01036,0.144977,0.020978,0.030301,0.045792,0.054635
20190228,0.107832,0.023697,0.089037,0.053631,0.019274,0.033108,0.038957,0.020274,0.027592,0.041852
20190331,0.013408,0.043936,-0.00274,0.030746,0.005574,0.027161,0.0049,-0.005016,0.015964,-4.8e-05
20190430,0.029535,0.06785,0.074537,0.041789,0.044666,0.079677,0.055753,0.035411,0.023368,0.021272
20190531,0.008275,-0.017099,0.002285,0.036838,-0.000939,-0.031965,-0.026771,-0.04434,-0.033698,-0.028397
20190630,0.016476,0.006349,0.01317,0.004004,0.004689,0.038095,0.018784,0.005963,0.016223,0.020896
20190731,0.050304,0.048971,0.038927,0.01377,0.024638,-0.021041,0.022861,0.008768,-0.011835,-0.007803
20190831,0.029666,0.040991,-0.000193,-0.060174,-0.045699,-0.030729,-0.011296,0.00298,0.039119,0.002708
20190930,0.029602,0.037142,0.051372,-0.00344,0.043259,0.082873,0.044767,0.014943,0.02811,0.034379
20191031,0.04345,0.080955,0.067553,-0.009924,-0.005928,0.016264,0.024077,0.068206,0.032537,0.008774
20191130,0.019349,0.192767,0.087419,0.055023,-0.002126,0.093895,0.010888,0.067979,0.054805,-0.004633
20191231,0.019524,0.128986,0.087811,0.05634,0.033424,0.082051,0.040586,0.054585,0.033778,0.026766
20200131,0.112892,0.070877,-0.00489,-0.016447,0.036011,-0.01788,-0.037973,0.003636,-0.009424,-0.009294
20200229,-0.004139,-0.053643,-0.037895,-0.070024,-0.11074,-0.032258,-0.051004,-0.089942,-0.073888,-0.085624
20200331,-0.088562,-0.067929,-0.216872,-0.177874,-0.102965,-0.110346,-0.16866,-0.191208,-0.176355,-0.099174
20200430,0.23104,0.193901,0.348585,0.161763,0.098576,0.13976,0.116533,0.134788,0.124077,0.079071
20200531,0.022557,0.087072,0.071447,0.056512,0.058758,0.079274,0.047305,0.068603,0.021881,0.023475
20200630,0.012997,0.025704,0.026486,0.011471,0.024715,0.075913,0.038933,0.039614,-0.003879,-0.007395
20200731,0.054685,0.039092,0.00401,0.00107,0.044792,0.062718,0.010673,0.033224,0.032053,0.065478
20200831,0.04052,0.092546,0.105432,0.008719,0.084686,0.05634,0.060292,0.05261,-0.005648,0.04408
20200930,-0.017399,-0.033599,0.017669,0.025073,0.084332,0.054453,0.001799,0.045274,-0.000961,-0.003569
20201031,-0.027832,-0.029948,-0.005035,-0.055085,-0.0777,-0.026411,-0.044506,-0.031737,-0.044913,-0.05233
20201130,0.103473,0.124243,0.142075,0.109549,0.12899,0.093628,0.124942,0.256438,0.24634,0.156766
